##FastQC	0.11.8
>>Basic Statistics	pass
#Measure	Value
Filename	Bowtie2 on data 9_ alignments
File type	Conventional base calls
Encoding	Sanger / Illumina 1.9
Total Sequences	121992326
Sequences flagged as poor quality	0
Sequence length	100
%GC	48
>>END_MODULE
>>Per base sequence quality	pass
#Base	Mean	Median	Lower Quartile	Upper Quartile	10th Percentile	90th Percentile
1	31.2009083587766	31.0	31.0	34.0	28.0	34.0
2	30.911583938484785	31.0	31.0	34.0	27.0	34.0
3	29.93812271437467	31.0	30.0	34.0	23.0	34.0
4	34.18501798219668	37.0	35.0	37.0	28.0	37.0
5	34.61049313872415	37.0	35.0	37.0	30.0	37.0
6	34.76377968233838	37.0	35.0	37.0	31.0	37.0
7	34.91751803306054	37.0	35.0	37.0	32.0	37.0
8	34.88483515758196	37.0	35.0	37.0	32.0	37.0
9	36.416785437798765	39.0	35.0	39.0	32.0	39.0
10-11	36.367783535826675	39.0	35.0	39.0	32.0	39.0
12-13	36.34020088279979	39.0	35.0	39.0	32.0	39.0
14-15	35.312603741156636	39.0	35.0	41.0	19.0	41.0
16-17	36.951896101235086	39.0	35.5	41.0	30.5	41.0
18-19	37.28979611389654	39.0	36.0	41.0	31.0	41.0
20-21	37.30636949245479	39.0	36.0	41.0	31.0	41.0
22-23	37.17541039425709	39.0	36.0	41.0	31.0	41.0
24-25	37.117533802904944	39.0	36.0	41.0	31.0	41.0
26-27	37.052542501730805	39.0	36.0	41.0	30.5	41.0
28-29	36.940813977921856	39.0	36.0	41.0	30.0	41.0
30-31	36.79337589234916	39.0	36.0	40.0	30.0	41.0
32-33	36.65441684012157	39.0	35.0	40.0	30.0	41.0
34-35	36.473347245629206	38.5	35.0	40.0	30.0	41.0
36-37	36.46561284928693	39.0	35.0	40.0	30.0	41.0
38-39	36.45376899773187	39.0	35.0	40.0	30.0	41.0
40-41	36.45261599897685	39.0	35.0	40.0	30.0	41.0
42-43	36.41188828959618	39.0	35.0	40.0	30.0	41.0
44-45	36.26004906652899	38.0	35.0	40.0	29.5	41.0
46-47	36.1086332348479	38.0	34.5	40.0	29.0	41.0
48-49	35.89609221402992	38.0	34.0	40.0	28.5	41.0
50-51	35.425973019811096	37.5	33.5	40.0	27.5	41.0
52-53	35.322406697942625	38.0	33.5	40.0	28.0	41.0
54-55	35.32841942861225	38.0	34.0	40.0	28.0	41.0
56-57	35.11807112768716	37.5	33.0	40.0	27.0	41.0
58-59	34.82155967335191	37.0	33.0	40.0	27.0	41.0
60-61	34.520777352011464	36.5	33.0	40.0	26.0	41.0
62-63	34.15575222739831	36.0	32.5	39.0	26.0	41.0
64-65	33.80196584250717	35.5	32.0	39.0	26.0	40.5
66-67	33.43709114129031	35.0	32.0	39.0	25.5	40.0
68-69	33.01125110525395	35.0	31.0	38.0	25.0	40.0
70-71	32.634018085695	35.0	31.0	37.5	24.0	40.0
72-73	32.24176526890716	35.0	31.0	37.0	23.5	39.0
74-75	31.821950656961818	34.0	30.5	36.0	22.5	39.0
76-77	31.028227025526178	34.0	29.5	36.0	21.5	38.0
78-79	31.071871467554445	34.0	30.0	35.5	21.5	37.5
80-81	30.770687424223716	34.0	30.0	35.0	20.0	37.0
82-83	30.35777900898455	34.0	29.5	35.0	19.5	37.0
84-85	29.935106073803365	34.0	29.0	35.0	18.0	36.0
86-87	29.49789294123304	33.5	29.0	35.0	16.0	36.0
88-89	29.069000151698067	33.0	29.0	35.0	10.0	35.5
90-91	28.601075136480304	33.0	27.5	35.0	6.0	35.0
92-93	28.097682955893468	33.0	27.0	35.0	2.0	35.0
94-95	27.545893874504863	33.0	26.5	35.0	2.0	35.0
96-97	26.850280734052077	32.5	25.5	34.5	2.0	35.0
98-99	25.905608701976874	32.0	24.5	34.0	2.0	35.0
100	22.972286240365644	29.0	16.0	33.0	2.0	34.0
>>END_MODULE
>>Per sequence quality scores	pass
#Quality	Count
2	120037.0
3	57703.0
4	52807.0
5	41881.0
6	45193.0
7	54389.0
8	72332.0
9	97369.0
10	125286.0
11	158888.0
12	194667.0
13	234220.0
14	277938.0
15	327656.0
16	383348.0
17	444092.0
18	509636.0
19	581527.0
20	667188.0
21	777243.0
22	923805.0
23	1122039.0
24	1375743.0
25	1694899.0
26	2089866.0
27	2575529.0
28	3129748.0
29	3659112.0
30	4363179.0
31	5207663.0
32	6266038.0
33	7816833.0
34	1.0054567E7
35	1.3274986E7
36	1.738008E7
37	1.9797283E7
38	1.3963084E7
39	2074187.0
40	285.0
>>END_MODULE
>>Per base sequence content	fail
#Base	G	A	T	C
1	26.268560795185465	14.179011399976508	15.06280995323677	44.48961785160126
2	20.994659131539382	23.052472023644683	36.22603302994955	19.726835814866387
3	24.923401811991262	25.719273328414772	25.800244819724067	23.557080039869902
4	25.290496094728777	32.90294014908379	19.943705211545282	21.86285854464215
5	26.16112150958314	32.36661508564022	21.383956036072004	20.088307368704637
6	20.684312548874267	33.33143456865668	22.292599565629097	23.691653316839954
7	19.034448222782085	14.632587825378856	41.03603086475641	25.296933087082646
8	21.28894005554611	20.488134434812196	27.01594500875155	31.20698050089014
9	20.498091053148197	20.239345945933184	30.550758332489565	28.711804668429057
10-11	25.715882923679988	29.237196719576836	20.340845395970483	24.70607496077269
12-13	22.666886565761704	22.922992039420777	28.344738826235833	26.065382568581686
14-15	23.372790077412365	24.832617905414704	27.05949705369253	24.735094963480403
16-17	24.384154295082464	25.377634819422983	25.60916454695683	24.629046338537723
18-19	24.250029464968147	25.724102514448326	25.45390928934333	24.571958731240194
20-21	24.164526302323132	25.8400323879523	25.686179204026732	24.309262105697833
22-23	24.163438651823515	26.093602458498992	25.691241352651197	24.051717537026292
24-25	24.11280648578298	26.25848147178475	25.677983487490813	23.95072855494146
26-27	24.046971610328995	26.17602274425032	25.742357351232076	24.034648294188603
28-29	24.218437313835626	25.839047859453064	25.70017928832671	24.2423355383846
30-31	23.838348213437627	26.011139293051784	25.916743784066387	24.2337687094442
32-33	23.83918804859906	26.174074670893642	25.881915719846184	24.10482156066112
34-35	24.266238879534345	26.139173108594804	25.539493477602193	24.055094534268655
36-37	24.09747342911682	26.04331186497413	25.688799801315366	24.17041490459369
38-39	23.978215972225662	25.983645969964208	25.91434488382039	24.123793173989746
40-41	24.123017952839568	25.916657541764685	25.73885515840204	24.221469346993707
42-43	23.88974629872534	26.02460675833135	25.890185343566728	24.195461599376582
44-45	23.958288769132924	26.02217587021664	25.884986102117434	24.134549258532996
46-47	24.01307874151109	25.976342108786138	25.767872425508497	24.242706724194278
48-49	23.988759751986365	25.948330553185777	25.80208405895958	24.260825635868276
50-51	23.965091869795156	25.982426960200762	25.790530463367016	24.261950706637073
52-53	24.11431631013567	25.9501433076474	25.694374639815802	24.241165742401126
54-55	23.94476846027184	25.979578830229045	25.823612462311768	24.252040247187352
56-57	23.955545655470345	25.98918278523607	25.892856147477477	24.16241541181611
58-59	24.084513826911785	25.999053948475282	25.728861482186105	24.187570742426825
60-61	23.94943637684226	26.018230031944796	25.84850665114788	24.183826940065067
62-63	23.92123105717828	26.036181425487943	25.945087575554656	24.09749994177912
64-65	24.07623211066169	25.9964238978176	25.74792874562894	24.17941524589177
66-67	23.98762995443769	26.05685892815754	25.778401952090817	24.17710916531395
68-69	23.96375909728846	26.076344450044935	25.874180503264526	24.08571594940208
70-71	24.068854743911118	25.98487307441026	25.781167435170005	24.165104746508618
72-73	24.02659624449456	26.01031183445317	25.818087755583118	24.145004165469153
74-75	23.986732968543166	26.069764028759714	25.86621105767278	24.077291945024346
76-77	24.08340709890227	26.001845804628726	25.756566441728474	24.15818065474053
78-79	23.982209892700272	25.878981339591828	25.914282339833694	24.224526427874206
80-81	23.991824469151226	25.991122818441614	25.9160557996752	24.100996912731958
82-83	24.12982011485824	25.937221668946886	25.78894785035219	24.14401036584268
84-85	24.024113280582565	25.942403793795442	25.856727293688405	24.176755631933588
86-87	24.005992307213493	26.00428315522607	25.92090396952953	24.068820568030908
88-89	24.12938435478436	25.957804328392044	25.731110145349064	24.181701171474536
90-91	24.04086220964424	25.99189927733651	25.80053683048883	24.166701682530427
92-93	23.995914365388398	25.997739742757066	25.926224988494972	24.08012090335957
94-95	24.119122050349297	25.932269706866645	25.747061335645	24.20154690713906
96-97	24.105717913858253	25.89665518627221	25.794106111135317	24.203520788734213
98-99	24.094331344205465	25.965117887539236	25.864836578858547	24.075714189396752
100	24.527616184593988	25.637861467161443	25.6183977537738	24.216124594470774
>>END_MODULE
>>Per sequence GC content	pass
#GC Content	Count
0	6.0
1	7.0
2	4.5
3	4.5
4	13.0
5	19.0
6	22.0
7	31.5
8	47.5
9	71.0
10	86.0
11	138.5
12	257.0
13	453.0
14	854.0
15	1763.5
16	3761.0
17	7706.0
18	15024.0
19	27626.0
20	48502.0
21	81580.0
22	131620.5
23	204329.0
24	302474.0
25	428846.0
26	582293.5
27	762727.0
28	967199.5
29	1186330.5
30	1410689.5
31	1628030.0
32	1838318.0
33	2047121.5
34	2252653.5
35	2449498.5
36	2647555.0
37	2851360.0
38	3041068.0
39	3211110.0
40	3334360.5
41	3427862.5
42	3530834.5
43	3625579.5
44	3686518.0
45	3720534.0
46	3726763.0
47	3699184.5
48	3691184.5
49	3684678.0
50	3686904.5
51	3700556.5
52	3668875.5
53	3591067.5
54	3483578.0
55	3394273.5
56	3290137.5
57	3151075.5
58	3035035.5
59	2938875.0
60	2818084.0
61	2654478.5
62	2462403.0
63	2256429.0
64	2056040.0
65	1848413.0
66	1630618.5
67	1431897.0
68	1246200.0
69	1061435.0
70	884043.5
71	720420.0
72	589171.5
73	485766.0
74	396742.0
75	323685.0
76	259133.0
77	202703.5
78	156149.5
79	117900.5
80	83515.5
81	52445.5
82	29703.0
83	15495.0
84	6928.0
85	2452.5
86	746.5
87	194.5
88	45.5
89	6.5
90	1.0
91	1.5
92	1.0
93	1.0
94	0.5
95	0.0
96	0.0
97	0.0
98	0.0
99	0.0
100	0.0
>>END_MODULE
>>Per base N content	pass
#Base	N-Count
1	0.009034994545476573
2	0.002143577457486957
3	0.011141684436773507
4	7.598838635144967E-4
5	0.003539566906856092
6	5.983982959715023E-4
7	9.098932993539281E-5
8	0.0011672865389909853
9	3.721545566726878E-4
10-11	0.0184044363577427
12-13	7.787375084560647E-6
14-15	3.9312308874248365
16-17	0.0
18-19	0.0
20-21	4.1396046502138174E-5
22-23	1.3689385674964507E-4
24-25	6.967651391449E-5
26-27	0.0
28-29	0.0
30-31	2.4058890392826839E-4
32-33	0.0
34-35	1.5451791615154545E-4
36-37	2.8690329258907647E-6
38-39	8.19723693111647E-6
40-41	1.2131910658052375E-4
42-43	1.8935617310879047E-4
44-45	5.910207827334974E-4
46-47	6.147927698337352E-6
48-49	0.0
50-51	0.0
52-53	4.7134112353919706E-5
54-55	0.0
56-57	9.016960624228117E-5
58-59	2.2542401560570293E-5
60-61	0.0
62-63	5.738065851781529E-6
64-65	5.328204005225706E-6
66-67	4.1805908348694E-5
68-69	4.098618465558235E-7
70-71	9.959642871306513E-5
72-73	5.328204005225706E-5
74-75	1.639447386223294E-6
76-77	0.0
78-79	2.6231158179572705E-5
80-81	2.4591710793349413E-6
82-83	9.959642871306513E-5
84-85	2.4427766054727084E-4
86-87	2.0452106143135595E-4
88-89	2.4591710793349413E-6
90-91	0.0
92-93	1.3935302782897998E-5
94-95	0.0
96-97	1.639447386223294E-6
98-99	8.19723693111647E-7
100	0.055746949197443774
>>END_MODULE
>>Sequence Length Distribution	pass
#Length	Count
100	1.21992326E8
>>END_MODULE
>>Sequence Duplication Levels	pass
#Total Deduplicated Percentage	85.9426652560313
#Duplication Level	Percentage of deduplicated	Percentage of total
1	90.25337026259646	77.5661518870698
2	6.74212805765231	11.588729095442178
3	1.6719665839400155	4.310797933284808
4	0.6109319845943274	2.1002049218477263
5	0.2905914609103979	1.2487102325641715
6	0.15266291230124684	0.7872154541350151
7	0.09240748005902837	0.5559221588106524
8	0.05447465052496664	0.3745357324005198
9	0.03611254029046435	0.2793247165555489
>10	0.0949068786914112	1.1621412218417468
>50	4.0093197803362543E-4	0.02078771674513972
>100	4.625646136313031E-5	0.0054789293026767496
>500	0.0	0.0
>1k	0.0	0.0
>5k	0.0	0.0
>10k+	0.0	0.0
>>END_MODULE
>>Overrepresented sequences	pass
>>END_MODULE
>>Adapter Content	pass
#Position	Illumina Universal Adapter	Illumina Small RNA 3' Adapter	Illumina Small RNA 5' Adapter	Nextera Transposase Sequence	SOLID Small RNA Adapter
1	0.0	3.442839511068918E-5	0.0	7.377513238004823E-6	5.738065851781529E-6
2	1.639447386223294E-6	1.7460114663278082E-4	0.0	5.656093482470364E-5	7.377513238004823E-6
3	1.639447386223294E-6	1.7788004140522742E-4	0.0	6.065955329026188E-5	1.3115579089786352E-5
4	9.836684317339765E-6	1.8361810725700894E-4	0.0	7.213568499382494E-5	2.1312816020902822E-5
5	9.836684317339765E-6	1.868970020294555E-4	0.0	7.459485607315988E-5	2.2952263407126118E-5
6	9.836684317339765E-6	1.9263506788123706E-4	0.0	7.787375084560647E-5	2.6231158179572705E-5
7	1.0656408010451411E-5	2.4837627901282903E-4	0.0	8.3611816697388E-5	2.6231158179572705E-5
8	1.3115579089786352E-5	2.5247489747838727E-4	0.0	9.672739578717435E-5	2.6231158179572705E-5
9	1.4755026476009646E-5	2.5329462117149894E-4	0.0	1.1312186964940729E-4	2.705088187268435E-5
10-11	1.721419755534459E-5	2.6231158179572704E-4	0.0	1.1967965919430047E-4	3.319880957102171E-5
12-13	1.8033921248456235E-5	2.700989568802877E-4	2.0493092327791175E-6	1.327952382840868E-4	3.975659911591488E-5
14-15	1.885364494156788E-5	2.8895260182185557E-4	2.8690329258907647E-6	1.549277779981013E-4	4.0576322809026525E-5
16-17	2.0493092327791176E-5	3.082161086099793E-4	3.278894772446588E-6	1.7910962694489487E-4	4.6724250507363885E-5
18-19	2.2952263407126118E-5	3.1805279292731906E-4	3.278894772446588E-6	1.9386465342090451E-4	5.123273081947794E-5
20-21	2.5001572639905234E-5	3.381360234085544E-4	3.278894772446588E-6	2.053407851244676E-4	5.410176374536871E-5
22-23	2.7870605565795997E-5	3.713348329795761E-4	3.278894772446588E-6	2.192760879073656E-4	5.738065851781529E-5
24-25	2.9919914798575117E-5	3.9715612931259304E-4	4.098618465558235E-6	2.3690014730926598E-4	6.0249691443706055E-5
26-27	3.237908587791006E-5	4.168294979472725E-4	4.098618465558235E-6	2.5124531193871985E-4	8.19723693111647E-5
28-29	3.4838256957245E-5	4.3527328104228457E-4	4.508480312114059E-6	2.5698337779050137E-4	1.028753234855117E-4
30-31	3.64777043434683E-5	4.5166775490451753E-4	4.918342158669883E-6	2.6927923318717604E-4	1.065640801045141E-4
32-33	3.975659911591488E-5	4.774890512375344E-4	4.918342158669883E-6	2.8813287812874395E-4	1.1558104072874223E-4
34-35	4.836369789358718E-5	4.914243540204324E-4	4.918342158669883E-6	3.0534707568408853E-4	1.1722048811496553E-4
36-37	5.041300712636629E-5	5.385584663743521E-4	4.918342158669883E-6	3.147738981548725E-4	1.1763034996152135E-4
38-39	5.123273081947794E-5	5.811840984161578E-4	4.918342158669883E-6	3.328078194033287E-4	1.1804021180807717E-4
40-41	5.246231635914541E-5	6.070053947491746E-4	4.918342158669883E-6	3.5002201695867325E-4	1.1967965919430047E-4
42-43	5.287217820570123E-5	6.455324083254221E-4	4.918342158669883E-6	3.9961530039192794E-4	1.2213883027363542E-4
44-45	5.451162559192453E-5	7.311935342555892E-4	4.918342158669883E-6	4.155999124076051E-4	1.237782776598587E-4
46-47	5.697079667125947E-5	8.08247561408084E-4	4.918342158669883E-6	4.2953521519050304E-4	1.2459800135297035E-4
48-49	6.0249691443706055E-5	8.844818648674671E-4	4.918342158669883E-6	4.5002830751829424E-4	1.2623744873919364E-4
50-51	6.065955329026188E-5	9.246483258299378E-4	4.918342158669883E-6	4.7502988015819944E-4	1.2705717243230528E-4
52-53	6.229900067648518E-5	0.001003341800368656	4.918342158669883E-6	5.123273081947794E-4	1.286966198185286E-4
54-55	6.475817175582012E-5	0.0010484266034897966	4.918342158669883E-6	5.447063940726895E-4	1.3361496197719847E-4
56-57	6.721734283515506E-5	0.0010865437552194882	4.918342158669883E-6	5.918405064266091E-4	1.389431659824242E-4
58-59	6.80370665282667E-5	0.0011254806306422913	5.328204005225706E-6	6.266787633838542E-4	1.553376398446571E-4
60-61	7.049623760760164E-5	0.0011431046900441917	5.738065851781529E-6	6.996341720707908E-4	1.569770872308804E-4
62-63	7.213568499382494E-5	0.0011947472827102256	5.738065851781529E-6	7.275047776365868E-4	1.6681377154822017E-4
64-65	7.295540868693658E-5	0.001226306644895024	5.738065851781529E-6	7.795572321491764E-4	1.7091239001377839E-4
66-67	7.295540868693658E-5	0.0012890155074180652	5.738065851781529E-6	8.160349364926447E-4	1.7378142293966918E-4
68-69	7.377513238004824E-5	0.0012959831588095138	5.738065851781529E-6	8.635789106931201E-4	1.7378142293966918E-4
70-71	7.6644165305939E-5	0.0013226241788356426	5.738065851781529E-6	9.021059242693676E-4	1.7460114663278082E-4
72-73	7.869347453871812E-5	0.001368118843803339	5.738065851781529E-6	9.521090695491781E-4	1.7542087032589246E-4
74-75	8.525126408361129E-5	0.001398038758601914	5.738065851781529E-6	9.910459449719812E-4	1.7706031771211577E-4
76-77	1.1763034996152135E-4	0.0014136135087710355	5.738065851781529E-6	0.001019736274230889	1.795194887914507E-4
78-79	2.635411673353945E-4	0.001426319226014266	5.738065851781529E-6	0.0010332617151672312	1.8402796910356478E-4
80-81	6.889777640603393E-4	0.0014431235617230545	5.738065851781529E-6	0.0010689196958175878	1.8730686387601135E-4
82-83	0.0014697645817491833	0.0015033732531667607	5.738065851781529E-6	0.001084494445986709	1.8812658756912302E-4
84-85	0.002698940259570098	0.001577148385546809	5.738065851781529E-6	0.0011090861567800586	1.897660349553463E-4
86-87	0.004615044392218572	0.0016177247083558354	6.147927698337353E-6	0.001177533085154881	1.9345479157434868E-4
88-89	0.007094708563881305	0.0016287909782128425	6.967651391448999E-6	0.001214420651344905	1.9919285742613023E-4
>>END_MODULE
