##FastQC	0.11.8
>>Basic Statistics	pass
#Measure	Value
Filename	Bowtie2 on data 8_ alignments
File type	Conventional base calls
Encoding	Sanger / Illumina 1.9
Total Sequences	162403466
Sequences flagged as poor quality	0
Sequence length	100
%GC	46
>>END_MODULE
>>Per base sequence quality	fail
#Base	Mean	Median	Lower Quartile	Upper Quartile	10th Percentile	90th Percentile
1	30.76179892613868	31.0	30.0	33.0	28.0	34.0
2	30.0588246558728	31.0	30.0	34.0	26.0	34.0
3	29.66727993354526	31.0	30.0	34.0	23.0	34.0
4	34.05748324361501	35.0	33.0	37.0	28.0	37.0
5	34.37869532907629	35.0	35.0	37.0	30.0	37.0
6	34.44440320011397	35.0	35.0	37.0	30.0	37.0
7	34.553309792045944	35.0	35.0	37.0	30.0	37.0
8	34.38867211122206	35.0	35.0	37.0	30.0	37.0
9	35.64743115150018	37.0	35.0	39.0	30.0	39.0
10-11	35.93489795962852	37.5	35.0	39.0	30.0	39.0
12-13	35.990414905923245	38.0	35.0	39.0	30.0	39.0
14-15	36.99964711344276	39.0	36.0	40.0	31.0	41.0
16-17	36.97336415837332	38.0	36.0	40.0	31.0	41.0
18-19	36.95480077685042	38.5	36.0	40.0	31.0	41.0
20-21	36.88592169886324	39.0	36.0	40.0	31.0	41.0
22-23	36.764904663426336	39.0	36.0	40.0	30.5	41.0
24-25	36.76038598523507	38.5	36.0	40.0	30.0	41.0
26-27	36.59602325236088	38.0	35.0	40.0	30.0	41.0
28-29	36.50410782181213	38.0	35.0	40.0	30.0	41.0
30-31	36.35872650648971	38.0	35.0	40.0	30.0	41.0
32-33	36.24185028169288	38.0	35.0	40.0	30.0	41.0
34-35	36.05811951698124	38.0	34.0	40.0	29.5	41.0
36-37	35.923138269105664	38.0	34.0	40.0	29.0	41.0
38-39	36.04137565327577	38.0	34.0	40.0	29.5	41.0
40-41	35.9197132652329	38.0	34.0	40.0	29.0	41.0
42-43	35.83726345470977	38.0	34.0	40.0	28.5	41.0
44-45	35.658728946092815	38.0	34.0	40.0	28.0	41.0
46-47	35.49817382592069	38.0	33.5	40.0	27.5	41.0
48-49	35.3614865399486	38.0	33.0	40.0	27.0	41.0
50-51	35.01448235101091	37.5	33.0	39.5	27.0	40.5
52-53	35.05559380426031	37.0	33.0	39.5	27.0	40.5
54-55	35.110685267025026	37.0	33.0	40.0	27.0	41.0
56-57	34.915279209619825	37.0	33.0	40.0	27.0	41.0
58-59	34.64876918328824	37.0	33.0	39.5	26.0	41.0
60-61	34.36245275393322	36.0	32.0	39.0	26.0	40.5
62-63	34.021152267156666	36.0	32.0	39.0	26.0	40.0
64-65	33.72049737842418	35.0	31.5	39.0	26.0	40.0
66-67	33.3575060984228	35.0	31.0	38.5	25.5	40.0
68-69	32.96254611031516	35.0	31.0	38.0	24.5	40.0
70-71	32.546504915726366	34.5	31.0	37.5	24.0	40.0
72-73	32.14033784537579	34.0	30.0	37.0	23.0	39.0
74-75	31.706261216740288	34.0	30.0	36.0	22.5	39.0
76-77	30.825562826965772	33.5	29.0	35.0	21.5	38.0
78-79	30.940227082345643	34.0	29.0	35.0	21.5	38.0
80-81	30.617584436282904	34.0	29.0	35.0	20.0	37.0
82-83	30.17752163922413	33.5	29.0	35.0	19.5	37.0
84-85	29.713327971707205	33.0	29.0	35.0	18.0	36.0
86-87	29.245718170202107	33.0	28.5	35.0	17.0	36.0
88-89	28.73028646753143	33.0	27.0	35.0	10.0	35.5
90-91	28.16060393070675	32.0	26.5	34.5	6.0	35.0
92-93	27.505958850656548	32.0	26.0	34.0	2.0	35.0
94-95	26.741221757545496	32.0	25.0	34.0	2.0	35.0
96-97	25.852625377465774	32.0	24.5	34.0	2.0	35.0
98-99	24.71320009882055	31.0	19.0	34.0	2.0	35.0
100	21.54215787488181	27.0	2.0	32.0	2.0	34.0
>>END_MODULE
>>Per sequence quality scores	pass
#Quality	Count
2	866.0
3	905.0
4	1568.0
5	2938.0
6	5552.0
7	10676.0
8	19584.0
9	31856.0
10	48760.0
11	71952.0
12	101506.0
13	137171.0
14	180754.0
15	234883.0
16	305107.0
17	395338.0
18	505202.0
19	637834.0
20	799576.0
21	1000142.0
22	1260180.0
23	1616483.0
24	2086686.0
25	2686604.0
26	3434135.0
27	4318836.0
28	5346470.0
29	6503727.0
30	7812375.0
31	9280130.0
32	1.0991567E7
33	1.3010774E7
34	1.5443676E7
35	1.8206215E7
36	2.0759572E7
37	2.0641927E7
38	1.2856318E7
39	1655384.0
40	237.0
>>END_MODULE
>>Per base sequence content	fail
#Base	G	A	T	C
1	25.46005932355131	14.95765836838995	16.525033411625657	43.05724889643308
2	20.315734003374992	24.12550860478512	36.313020311751885	19.245737080088006
3	24.366340555445156	26.852136670546695	26.369466300112926	22.412056473895223
4	24.620476794959785	33.47206798696739	20.674843639022125	21.232611579050705
5	25.3739849247166	33.25355958765226	21.941315955704233	19.431139531926902
6	19.966627000415873	34.43059262932847	22.641695949305422	22.961084420950232
7	18.364589158587854	15.083192716469048	42.03555920602273	24.516658918920363
8	20.66597729262727	21.20464889852094	27.695249506955072	30.434124301896716
9	19.948805112133112	20.86034584349439	31.06955888968232	28.121290154690175
10-11	24.954428312509044	30.30888423280326	20.773990131466775	23.962697323220922
12-13	21.94487321113793	23.68619124679614	29.10375263729559	25.265182904770338
14-15	22.63312445049727	25.597284610670584	27.864341935354943	23.905249003477202
16-17	23.576958115600732	26.13263151931661	26.401490551741823	23.888919813340827
18-19	23.426994249457824	26.52136520423654	26.220281647763073	23.83135889854256
20-21	23.387899790607985	26.633837301088263	26.410258997200494	23.56800391110326
22-23	23.358601916702888	26.89271977200145	26.425781331117975	23.322896980177685
24-25	23.321277968561162	27.057448047093434	26.41543020846549	23.205843775879913
26-27	23.273952666222087	26.916098203139597	26.471992149730365	23.337956980907947
28-29	23.436737104452543	26.61708163874195	26.450150464160682	23.49603079264482
30-31	23.08432946927148	26.79660619111537	26.64618043332475	23.4728839062884
32-33	23.071369930200945	26.939423408004476	26.63469305770424	23.354513604090343
34-35	23.44929245145056	26.89760789142031	26.32965677679658	23.323442880332554
36-37	23.28274693349217	26.82410977608076	26.47179555884602	23.42134773158105
38-39	23.17203732513474	26.784178482352978	26.685182953707827	23.35860123880446
40-41	23.30345308379094	26.708712453636945	26.533095472592837	23.454738989979273
42-43	23.074491666949065	26.82525627150765	26.67907921517662	23.421172846366662
44-45	23.149812270632207	26.79989323626874	26.67270999006881	23.37758450303025
46-47	23.18306947399971	26.774115532773763	26.573488869742732	23.469326123483793
48-49	23.15385943274055	26.766028360293916	26.6118835580263	23.46822864893923
50-51	23.122661059037494	26.809202699760398	26.619960301118407	23.448175940083704
52-53	23.233139494025636	26.776978562300425	26.563727224959937	23.426154718714002
54-55	23.072989544896718	26.805427458090257	26.68406982572693	23.437513171286092
56-57	23.092581918615643	26.81896260513989	26.731577149231285	23.356878327013185
58-59	23.201844702800294	26.823275648984445	26.6126439969114	23.36223565130386
60-61	23.075344741733023	26.868447212239012	26.71948384463903	23.336724201388936
62-63	23.05128420104039	26.90617883734082	26.79585206635922	23.246684895259563
64-65	23.177323819167633	26.85678937239326	26.625497487892037	23.340389320547068
66-67	23.105391728523824	26.913569689454782	26.670814402446315	23.310224179575084
68-69	23.077052055938797	26.91291498236299	26.761441491059866	23.248591470638342
70-71	23.171349194111865	26.861406358635037	26.68550074004483	23.281743707208264
72-73	23.113368159273154	26.916483420372323	26.7168845398903	23.253263880464225
74-75	23.07558479078273	26.959999425135422	26.76092362462264	23.20349215945921
76-77	23.15435681649799	26.90488514573944	26.669269176804395	23.271488860958176
78-79	23.07843356051616	26.78862557655346	26.82418455809063	23.30875630483975
80-81	23.09591267170682	26.90760649914457	26.80774523492398	23.18873559422463
82-83	23.213235868985052	26.860862434226117	26.694896163331876	23.23100553345695
84-85	23.101813487103758	26.85169233796834	26.78011551993391	23.266378654993986
86-87	23.104545452936108	26.913210789037873	26.827677816763163	23.154565941262856
88-89	23.2340053629151	26.877095714201076	26.65007254217099	23.238826380712833
90-91	23.143555115215513	26.894338977926857	26.72558869108305	23.236517215774573
92-93	23.1049321186429	26.91540873449414	26.824704696030082	23.15495445083288
94-95	23.23539336768129	26.85190106063325	26.651365680996204	23.261339890689264
96-97	23.211681176015222	26.81880649745258	26.70937371115643	23.260138615375766
98-99	23.199784716351704	26.874541152279267	26.781264789463343	23.144409341905686
100	23.690986939388303	26.54832367188551	26.56119389763285	23.199495491093337
>>END_MODULE
>>Per sequence GC content	pass
#GC Content	Count
0	13.0
1	11.0
2	8.0
3	11.0
4	16.5
5	27.5
6	42.0
7	66.0
8	99.5
9	156.5
10	215.0
11	323.0
12	516.5
13	852.5
14	1608.0
15	3148.5
16	6763.0
17	13554.0
18	26131.5
19	48665.0
20	84593.0
21	140524.0
22	226991.5
23	355644.5
24	527248.0
25	740774.0
26	995546.5
27	1291288.5
28	1623248.0
29	1974104.0
30	2325081.5
31	2660015.0
32	2978347.5
33	3277018.5
34	3556289.5
35	3829214.0
36	4095910.0
37	4371279.0
38	4619718.0
39	4815382.5
40	4929311.5
41	5000504.5
42	5085561.0
43	5153024.5
44	5174806.0
45	5155514.5
46	5080459.5
47	4953779.5
48	4875981.5
49	4810222.0
50	4752775.0
51	4722925.5
52	4640608.5
53	4491280.0
54	4312479.0
55	4170946.0
56	4017337.5
57	3817746.5
58	3646040.5
59	3495281.0
60	3314970.0
61	3093929.5
62	2837846.0
63	2565645.5
64	2305365.5
65	2037271.0
66	1762219.5
67	1512565.5
68	1288640.0
69	1071497.0
70	864768.5
71	682425.5
72	537256.5
73	425930.0
74	334693.5
75	261740.0
76	200827.0
77	149237.0
78	107020.0
79	73038.5
80	46951.0
81	27407.5
82	14327.5
83	6721.5
84	2802.0
85	949.0
86	282.5
87	87.0
88	20.0
89	3.5
90	2.0
91	0.5
92	0.0
93	0.5
94	1.0
95	0.5
96	0.5
97	0.5
98	0.0
99	0.0
100	0.0
>>END_MODULE
>>Per base N content	pass
#Base	N-Count
1	0.007165487465643128
2	1.0684790434214009
3	0.8907574669619427
4	0.005571309666506747
5	0.00719996948833592
6	5.68337624025832E-4
7	0.0021871454393713493
8	0.002441450356730687
9	0.38400719846705733
10-11	0.0
12-13	0.08616965108367823
14-15	2.3552452999987082E-4
16-17	3.1772720909786496E-4
18-19	6.403804214375572E-4
20-21	1.1422170016987198E-4
22-23	9.390193679733412E-5
24-25	6.92719205881973E-5
26-27	0.022824943896209704
28-29	4.926003241827363E-6
30-31	5.911203890192836E-5
32-33	3.047964505880681E-5
34-35	3.2019021071877864E-5
36-37	0.0
38-39	4.1655514913702644E-4
40-41	2.2474889790837346E-5
42-43	4.464190437906048E-5
44-45	0.0
46-47	4.741278120258837E-5
48-49	6.157504052284204E-7
50-51	5.578698671369488E-4
52-53	4.5134504703243217E-4
54-55	6.157504052284204E-7
56-57	6.465379254898414E-6
58-59	1.7641249109794245E-4
60-61	7.111917180388257E-5
62-63	0.0
64-65	9.852006483654727E-6
66-67	0.0
68-69	0.002317068774874546
70-71	2.875554392416723E-4
72-73	0.0
74-75	0.0
76-77	0.0
78-79	3.2019021071877864E-5
80-81	9.513343760779096E-5
82-83	1.7672036630055665E-4
84-85	2.0073463210446506E-4
86-87	8.312630470583675E-6
88-89	0.0
90-91	1.1483745057510041E-4
92-93	1.539376013071051E-6
94-95	1.2499733226136936E-4
96-97	7.758455105878097E-5
98-99	3.047964505880681E-5
100	0.04637277876815757
>>END_MODULE
>>Sequence Length Distribution	pass
#Length	Count
100	1.62403466E8
>>END_MODULE
>>Sequence Duplication Levels	pass
#Total Deduplicated Percentage	81.83383055143243
#Duplication Level	Percentage of deduplicated	Percentage of total
1	88.98449307956616	72.81941928378329
2	6.93826213926337	11.355691364517954
3	1.9977650895483658	4.904543094590046
4	0.8282401341184258	2.711122511653717
5	0.4274811948556578	1.7491211831870883
6	0.23886499494296587	1.172834251249886
7	0.16442222127170072	0.941871013610694
8	0.10026646931085416	0.6564151407659871
9	0.07090938835158436	0.5222508183782344
>10	0.24666345778448007	3.013465800013622
>50	0.00237558749551211	0.12607050385901025
>100	2.562434909255551E-4	0.027195034390458724
>500	0.0	0.0
>1k	0.0	0.0
>5k	0.0	0.0
>10k+	0.0	0.0
>>END_MODULE
>>Overrepresented sequences	pass
>>END_MODULE
>>Adapter Content	pass
#Position	Illumina Universal Adapter	Illumina Small RNA 3' Adapter	Illumina Small RNA 5' Adapter	Nextera Transposase Sequence	SOLID Small RNA Adapter
1	6.157504052284204E-7	2.0935513777766295E-5	0.0	5.541753647055784E-6	3.078752026142102E-6
2	6.157504052284204E-7	8.004755267969465E-5	0.0	4.248677796076101E-5	3.078752026142102E-6
3	1.8472512156852613E-6	8.251055430060834E-5	0.0	4.5565529986903114E-5	6.157504052284204E-6
4	7.389004862741045E-6	8.374205511106518E-5	0.0	5.541753647055784E-5	1.0467756888883147E-5
5	7.389004862741045E-6	8.497355592152202E-5	0.0	5.788053809147152E-5	1.354650891502525E-5
6	8.620505673197887E-6	8.866805835289254E-5	0.0	6.588529335944098E-5	1.416225932025367E-5
7	9.852006483654727E-6	1.1268232415680093E-4	0.0	6.89640453855831E-5	1.477800972548209E-5
8	1.0467756888883147E-5	1.1699257699339988E-4	0.0	8.43578055162936E-5	1.539376013071051E-5
9	1.2315008104568408E-5	1.2191858023522725E-4	0.0	9.913581524177569E-5	1.7241011346395774E-5
10-11	1.385438411763946E-5	1.3238633712411038E-4	0.0	1.0652482010451673E-4	2.4014265803908395E-5
12-13	1.477800972548209E-5	1.4654859644436407E-4	0.0	1.2161070503261303E-4	3.109539546403523E-5
14-15	1.6317385738553143E-5	1.597872301567751E-4	0.0	1.3608083955548092E-4	3.2019021071877864E-5
16-17	1.7856761751624194E-5	1.8226211994761243E-4	3.078752026142102E-7	1.4931947326789197E-4	3.6021398705862596E-5
18-19	2.0935513777766295E-5	1.9149837602603875E-4	6.157504052284204E-7	1.6502110860121667E-4	4.3410403568603644E-5
20-21	2.1859139385608926E-5	2.016582577123077E-4	6.157504052284204E-7	1.7394948947702877E-4	4.710490599997416E-5
22-23	2.5245766614365236E-5	2.1982289466654609E-4	6.157504052284204E-7	1.8164636954238404E-4	5.2954534849644156E-5
24-25	2.770876823527892E-5	2.469159124965966E-4	6.157504052284204E-7	1.9950313129400824E-4	5.664903728101468E-5
26-27	2.924814424834997E-5	2.543049173593376E-4	6.157504052284204E-7	2.115102641959624E-4	7.696880065355256E-5
28-29	3.078752026142102E-5	2.656962998560634E-4	6.157504052284204E-7	2.1797564345086084E-4	9.420981199994832E-5
30-31	3.078752026142102E-5	2.740089303266471E-4	9.236256078426307E-7	2.2598039871883028E-4	9.97515656470041E-5
32-33	3.3866272287563127E-5	2.9740744572532706E-4	1.2315008104568408E-6	2.35832405202485E-4	1.0375394328098885E-4
34-35	3.663714911109101E-5	3.0264132416976864E-4	1.2315008104568408E-6	2.4783953810443923E-4	1.056011944966741E-4
36-37	3.848440032677628E-5	3.343524700390323E-4	1.2315008104568408E-6	2.530734165488808E-4	1.08372071320202E-4
38-39	4.002377633984733E-5	3.586746110455549E-4	1.2315008104568408E-6	2.6354117343776394E-4	1.0867994652281621E-4
40-41	4.1563152352918376E-5	3.703738687448949E-4	1.2315008104568408E-6	2.7708768235278915E-4	1.1083507294111568E-4
42-43	4.52576547842889E-5	3.833046272546917E-4	1.2315008104568408E-6	3.07567327411596E-4	1.1206657375157252E-4
44-45	4.864428201304522E-5	4.254835300128385E-4	1.2315008104568408E-6	3.241925883527634E-4	1.1391382496725777E-4
46-47	5.203090924180152E-5	4.6704668236575693E-4	1.2315008104568408E-6	3.3219734362073284E-4	1.1545320098032882E-4
48-49	5.5725411673172046E-5	4.916766985748937E-4	1.2315008104568408E-6	3.4235722530700174E-4	1.1914770341169936E-4
50-51	5.634116207840047E-5	5.086098347186752E-4	1.2315008104568408E-6	3.586746110455549E-4	1.2037920422215619E-4
52-53	5.72647876862431E-5	5.393973549800964E-4	1.2315008104568408E-6	3.7868649921547857E-4	1.2284220584306987E-4
54-55	6.0959290117613625E-5	5.612564943657053E-4	1.2315008104568408E-6	3.9315663373834644E-4	1.2530520746398355E-4
56-57	6.219079092807046E-5	5.938912658428116E-4	1.2315008104568408E-6	4.307174084572801E-4	1.3084696111103933E-4
58-59	6.219079092807046E-5	6.206764084702478E-4	1.2315008104568408E-6	4.6181280392131534E-4	1.4377771962083616E-4
60-61	6.219079092807046E-5	6.369937942088009E-4	1.539376013071051E-6	5.107649611369747E-4	1.474722220522067E-4
62-63	6.249866613068468E-5	6.622395608231661E-4	3.078752026142102E-6	5.347792269408832E-4	1.5301397569926248E-4
64-65	6.373016694114151E-5	6.81019948182633E-4	3.078752026142102E-6	5.557147407186494E-4	1.600951053593893E-4
66-67	6.465379254898414E-5	7.087287164179119E-4	3.078752026142102E-6	5.803447569277863E-4	1.6163448137246036E-4
68-69	6.5885293359441E-5	7.158098460780388E-4	3.078752026142102E-6	6.16674030836263E-4	1.631738573855314E-4
70-71	7.050342139865414E-5	7.30895731006135E-4	3.078752026142102E-6	6.462300502872273E-4	1.6348173258814563E-4
72-73	7.635305024832413E-5	7.536784959995866E-4	3.078752026142102E-6	6.871774522349172E-4	1.6440535819598826E-4
74-75	8.558930632675043E-5	7.758455105878097E-4	3.078752026142102E-6	7.044184635813129E-4	1.6502110860121667E-4
76-77	1.296154603005825E-4	7.820030146400939E-4	3.078752026142102E-6	7.272012285747645E-4	1.68407735829973E-4
78-79	2.6477267424822076E-4	7.900077699080634E-4	3.078752026142102E-6	7.435186143133176E-4	1.7117861265350087E-4
80-81	6.539269303525825E-4	7.977046499734186E-4	3.078752026142102E-6	7.773848866008808E-4	1.773361167057851E-4
82-83	0.001266906458757475	8.112511588884439E-4	3.078752026142102E-6	7.955495235551192E-4	1.7979911832669877E-4
84-85	0.002286281254613125	8.441938055681644E-4	3.3866272287563123E-6	8.167929125354996E-4	1.8195424474499823E-4
86-87	0.0037625428511482628	8.589718152936464E-4	4.310252836598943E-6	8.663608201563875E-4	1.8811174879728245E-4
88-89	0.005603328687578625	8.679001961694586E-4	4.618128039213154E-6	8.906829611629102E-4	1.9704012967309453E-4
>>END_MODULE
