##FastQC	0.11.8
>>Basic Statistics	pass
#Measure	Value
Filename	Bowtie2 on data 7_ alignments
File type	Conventional base calls
Encoding	Sanger / Illumina 1.9
Total Sequences	89061863
Sequences flagged as poor quality	0
Sequence length	100
%GC	52
>>END_MODULE
>>Per base sequence quality	pass
#Base	Mean	Median	Lower Quartile	Upper Quartile	10th Percentile	90th Percentile
1	31.7810020210334	33.0	31.0	34.0	30.0	34.0
2	31.926368540033796	34.0	31.0	34.0	30.0	34.0
3	30.711860967920693	34.0	31.0	34.0	27.0	34.0
4	34.7656504108835	37.0	35.0	37.0	30.0	37.0
5	35.19316281313361	37.0	35.0	37.0	32.0	37.0
6	35.25168784084384	37.0	35.0	37.0	32.0	37.0
7	35.23820070999413	37.0	35.0	37.0	32.0	37.0
8	35.207151134936396	37.0	35.0	37.0	32.0	37.0
9	36.84091207479008	39.0	37.0	39.0	32.0	39.0
10-11	36.85222157322265	39.0	37.0	39.0	32.0	39.0
12-13	36.83595562109452	39.0	37.0	39.0	32.0	39.0
14-15	38.12356175392379	40.0	38.0	41.0	33.0	41.0
16-17	38.057295955059914	40.0	38.0	41.0	32.5	41.0
18-19	38.00487802506444	40.0	38.0	41.0	32.0	41.0
20-21	37.97092406432145	40.0	38.0	41.0	32.0	41.0
22-23	37.87093257301388	40.0	37.5	41.0	32.0	41.0
24-25	37.81388642745998	40.0	37.0	41.0	32.0	41.0
26-27	37.7518550560749	40.0	37.0	41.0	32.0	41.0
28-29	37.652297976295415	40.0	37.0	41.0	32.0	41.0
30-31	37.54105579960752	40.0	37.0	41.0	31.0	41.0
32-33	37.4350367283469	40.0	37.0	41.0	31.0	41.0
34-35	37.34158141852478	40.0	36.0	41.0	31.0	41.0
36-37	37.294165786763294	40.0	36.0	41.0	31.0	41.0
38-39	37.19192996782472	40.0	36.0	41.0	31.0	41.0
40-41	37.055214839824316	39.5	35.5	41.0	30.5	41.0
42-43	36.887577873820135	39.0	35.0	41.0	30.0	41.0
44-45	36.75049964427535	39.0	35.0	41.0	30.0	41.0
46-47	36.66987256936227	39.0	35.0	41.0	30.0	41.0
48-49	36.53119078589228	39.0	35.0	41.0	30.0	41.0
50-51	35.96051799410483	38.5	34.5	40.5	29.0	41.0
52-53	35.81475791158781	38.0	34.5	40.0	29.0	41.0
54-55	35.801158527303656	38.0	34.5	40.0	29.0	41.0
56-57	35.58208136180578	37.0	34.0	40.0	29.0	41.0
58-59	35.3031370509283	37.0	34.0	40.0	28.0	41.0
60-61	34.99429524621554	36.0	34.0	39.5	28.0	41.0
62-63	34.670486288839484	36.0	34.0	39.0	28.0	41.0
64-65	34.38301927840877	35.0	33.0	39.0	28.0	41.0
66-67	34.04801385077696	35.0	33.0	38.5	27.0	40.0
68-69	33.72137422613763	35.0	33.0	37.5	26.5	40.0
70-71	33.38777121134329	35.0	33.0	37.0	26.0	39.5
72-73	33.02948292806316	35.0	33.0	36.5	26.0	39.0
74-75	32.7701607477041	35.0	32.0	36.0	26.0	39.0
76-77	32.02045457436703	34.0	31.0	35.0	25.0	37.0
78-79	32.155696743060496	35.0	32.0	35.0	25.0	37.0
80-81	31.999402454673557	35.0	32.0	35.0	25.0	37.0
82-83	31.767490008602223	34.5	32.0	35.0	25.0	36.0
84-85	31.482851285066875	34.0	31.0	35.0	24.0	36.0
86-87	31.180585965285726	34.0	31.0	35.0	24.0	35.5
88-89	30.910881619442435	34.0	31.0	35.0	23.0	35.0
90-91	30.66466735599277	34.0	31.0	35.0	22.0	35.0
92-93	30.35665510949395	34.0	31.0	35.0	20.0	35.0
94-95	30.042144632658314	34.0	30.0	35.0	18.5	35.0
96-97	29.65361229867828	34.0	30.0	35.0	11.5	35.0
98-99	29.119257189803	34.0	30.0	35.0	2.0	35.0
100	27.35375102135467	32.0	26.0	34.0	2.0	35.0
>>END_MODULE
>>Per sequence quality scores	pass
#Quality	Count
2	68498.0
3	38970.0
4	28504.0
5	28840.0
6	32491.0
7	39135.0
8	51150.0
9	65836.0
10	81777.0
11	98655.0
12	116121.0
13	134351.0
14	152720.0
15	172550.0
16	191338.0
17	211615.0
18	235536.0
19	263947.0
20	302490.0
21	358371.0
22	438014.0
23	550129.0
24	697251.0
25	876866.0
26	1088560.0
27	1333717.0
28	1615630.0
29	1933117.0
30	2319340.0
31	2813339.0
32	3474134.0
33	4450640.0
34	6132901.0
35	8939787.0
36	1.422991E7
37	1.9673567E7
38	1.3890317E7
39	1930814.0
40	935.0
>>END_MODULE
>>Per base sequence content	warn
#Base	G	A	T	C
1	36.22771735965135	14.992989067517515	6.993712668015439	41.78558090481569
2	30.837601660360342	13.872673182910834	26.314035277436137	28.975689879292688
3	30.387081628868657	14.62326025118287	18.522886439397944	36.46677168055053
4	33.65980866109204	17.822892266903278	17.754419477670616	30.762879594334063
5	34.89357195081097	18.664161266389854	20.57880037121322	25.863466411585957
6	34.19069925330627	21.163573386336818	20.897386362553103	23.74834099780381
7	27.271527289649523	23.920041105810252	27.99752491139249	20.810906693147736
8	24.552111221392853	24.25314012619127	27.57044275341118	23.6243058990047
9	24.026699831339656	23.146554041396588	29.26006600627456	23.566680120989197
10-11	26.314411451268004	26.28123330931402	24.294266371536263	23.110088867881718
12-13	25.92057288204652	24.069061846296794	25.24503652653689	24.765328745119795
14-15	26.040980208615306	24.367050934380266	24.977873598117974	24.614095258886454
16-17	26.54432195566378	24.202578628136113	24.27556105305826	24.97753836314185
18-19	26.217085500442234	23.942052046437805	24.12819171893824	25.712670734181724
20-21	26.21301487002188	23.896695707389238	24.27215099337308	25.618138429215804
22-23	26.451970805955405	23.926581234888385	24.02795122307289	25.59349673608332
24-25	26.377904669359133	23.80150490460237	24.063014158092233	25.757576267946263
26-27	26.10803964430881	23.821332482119757	24.242196685241137	25.8284311883303
28-29	26.210840098864765	23.767106129365384	24.074895558831955	25.9471582129379
30-31	26.110975053969383	23.758092613947603	24.028966186524467	26.101966145558553
32-33	26.162064275161235	23.844831620671943	24.14410665053376	25.84899745363306
34-35	26.473490679169824	24.021382193633205	23.8088742877521	25.69625283944487
36-37	26.156648553376883	23.928357528294686	24.0047746362548	25.910219282073633
38-39	25.95953331899199	23.97460010464861	24.17675397156244	25.88911260479696
40-41	26.025343193191457	23.964689577625386	23.997159143190167	26.01280808599299
42-43	25.913364432503304	23.81380863217407	24.100520017757322	26.1723069175653
44-45	25.981946766442444	24.002260833875308	24.215388053618348	25.8004043460639
46-47	26.04234934991198	24.009997410451657	24.062732103414454	25.884921136221912
48-49	25.901224972129768	24.112966848672365	24.090960796542063	25.894847382655804
50-51	25.79699573542494	24.01406424655635	24.38921584202657	25.79972417599214
52-53	25.933033685365885	23.967316363162656	24.019692525194543	26.079957426276916
54-55	26.094275054632533	24.051305214668595	23.93214197641475	25.922277754284124
56-57	25.87747808252534	24.170463774837724	24.219683119848614	25.732375022788318
58-59	25.856867942744937	24.222183570910616	24.05852200816518	25.862426478179263
60-61	25.71487023575961	23.96013712401233	24.183417317466173	26.141575322761888
62-63	25.56388916265443	23.91875852624494	24.471147056596877	26.04620525450375
64-65	25.86738481947793	24.06562912897866	24.13258318027954	25.934402871263867
66-67	25.997011201079413	23.989960214508425	24.062332942664806	25.950695641747355
68-69	25.74040810262413	24.077463436847264	24.341869538480235	25.840258922048378
70-71	25.805518117246347	24.11643795321916	24.235511584864827	25.84253234466966
72-73	25.70906256246113	24.024769822319662	24.25628160686568	26.009886008353522
74-75	25.659895642901994	24.190057126686668	24.330603930537418	25.819443299873925
76-77	25.8619241121688	24.248892242075968	24.097348149897503	25.791835495857736
78-79	25.782164415189524	24.220618203500166	24.165582817084534	25.831634564225777
80-81	25.668901914491748	24.242017868433965	24.330619766292333	25.75846045078195
82-83	25.758343388797066	24.165181678267835	24.079094887112344	25.997380045822755
84-85	25.795610867127923	24.079319647329402	24.052832389485708	26.072237096056966
86-87	25.794226994923925	24.28191909940359	24.168165927052005	25.755687978620482
88-89	25.93084048430584	24.453666834535156	23.922043986843885	25.69344869431512
90-91	25.890331288191458	24.24337195011751	24.07647490407559	25.78982185761544
92-93	25.589148301927416	24.409560738202238	24.256343815820813	25.744947144049533
94-95	25.64096081989054	24.3629173927789	24.082763685759453	25.91335810157111
96-97	25.8395690302539	24.16363745287041	24.00058316841639	25.996210348459297
98-99	25.813881062533785	24.334942336964346	24.115122717289807	25.736053883212062
100	26.34549537774659	24.119850266325553	23.597390950602502	25.93726340532535
>>END_MODULE
>>Per sequence GC content	pass
#GC Content	Count
0	2.0
1	1.5
2	1.5
3	1.5
4	1.5
5	6.0
6	11.5
7	12.5
8	16.5
9	30.0
10	50.0
11	73.5
12	104.0
13	179.0
14	357.0
15	711.5
16	1512.5
17	2940.5
18	5565.0
19	9887.0
20	16529.0
21	26828.0
22	42340.5
23	64572.0
24	93200.0
25	129653.5
26	174573.5
27	230154.5
28	292160.0
29	358109.5
30	431669.0
31	515302.0
32	606477.0
33	720405.0
34	853129.0
35	974277.5
36	1109373.5
37	1307458.5
38	1472040.5
39	1645050.5
40	1802039.0
41	1887458.5
42	2074774.5
43	2259258.0
44	2388188.0
45	2535214.0
46	2624638.0
47	2620985.5
48	2647027.0
49	2694240.0
50	2730419.5
51	2746052.0
52	2726352.5
53	2755257.0
54	2844514.0
55	2927441.0
56	2907220.0
57	2843363.0
58	2808046.0
59	2789656.5
60	2754535.0
61	2666138.5
62	2546937.5
63	2417711.5
64	2259322.5
65	2068114.0
66	1865432.0
67	1656771.0
68	1445466.0
69	1233289.5
70	1031231.0
71	851443.5
72	700353.5
73	579870.5
74	476708.5
75	387001.5
76	313742.5
77	259662.0
78	217782.5
79	181473.5
80	144328.0
81	106667.5
82	77327.0
83	53852.5
84	33971.0
85	19422.0
86	9867.0
87	4501.0
88	1484.0
89	409.0
90	103.5
91	21.0
92	6.0
93	0.5
94	2.0
95	2.0
96	0.5
97	1.0
98	0.5
99	0.0
100	0.0
>>END_MODULE
>>Per base N content	pass
#Base	N-Count
1	0.0018751011305478754
2	2.604930911898845E-4
3	4.149220413231195
4	2.32422714984078E-4
5	4.255469032800268E-4
6	5.1649492218684E-5
7	1.1228150482322607E-6
8	8.533394366565181E-5
9	3.031600630227104E-5
10-11	2.4140523536993606E-4
12-13	4.3789786881058166E-5
14-15	0.014897510059945636
16-17	1.1228150482322609E-5
18-19	0.018072269608822356
20-21	2.9080909749215557E-4
22-23	0.0
24-25	5.614075241161304E-6
26-27	0.0
28-29	0.0
30-31	2.0772078392296825E-5
32-33	0.0018447851242456045
34-35	0.0
36-37	0.0
38-39	0.0
40-41	0.0
42-43	5.614075241161303E-7
44-45	3.8175711639896865E-5
46-47	0.0
48-49	0.0
50-51	0.0
52-53	3.9803793459833645E-4
54-55	0.0
56-57	3.7782726373015573E-4
58-59	7.113033330551372E-4
60-61	0.0
62-63	5.114422544697948E-4
64-65	4.2666971832825905E-5
66-67	0.0
68-69	0.0
70-71	1.8358026038597464E-4
72-73	0.004465996854343818
74-75	8.140409099683891E-5
76-77	3.643534831513686E-4
78-79	8.252690604507117E-5
80-81	1.1228150482322607E-6
82-83	0.0
84-85	1.9200137324771658E-4
86-87	1.9200137324771658E-4
88-89	0.0012064647693255642
90-91	7.971986842449051E-5
92-93	2.531947933763748E-4
94-95	2.4477368051463287E-4
96-97	1.2631669292612933E-4
98-99	4.8449469331222054E-4
100	0.0
>>END_MODULE
>>Sequence Length Distribution	pass
#Length	Count
100	8.9061863E7
>>END_MODULE
>>Sequence Duplication Levels	pass
#Total Deduplicated Percentage	82.3739210290843
#Duplication Level	Percentage of deduplicated	Percentage of total
1	86.72504734235524	71.43882201022768
2	9.522095963208917	15.687447618094676
3	2.1500671873225814	5.313283940872072
4	0.7558035858096372	2.490340195639272
5	0.33317841095264356	1.372260605620443
6	0.1771511894360298	0.8755582853287125
7	0.10946074149669653	0.6311697333083724
8	0.0654910414274785	0.43158030997276825
9	0.04102009856586574	0.3041087723882891
>10	0.12006250044309733	1.419922808728708
>50	5.503063119999764E-4	0.027544324326829846
>100	7.163266986999111E-5	0.00796139549224714
>500	0.0	0.0
>1k	0.0	0.0
>5k	0.0	0.0
>10k+	0.0	0.0
>>END_MODULE
>>Overrepresented sequences	pass
>>END_MODULE
>>Adapter Content	pass
#Position	Illumina Universal Adapter	Illumina Small RNA 3' Adapter	Illumina Small RNA 5' Adapter	Nextera Transposase Sequence	SOLID Small RNA Adapter
1	1.1228150482322607E-6	1.3473780578787128E-5	0.0	5.6140752411613035E-6	3.368445144696782E-6
2	1.1228150482322607E-6	3.3684451446967826E-5	0.0	1.3473780578787128E-5	4.491260192929043E-6
3	1.1228150482322607E-6	5.5017937363380775E-5	0.0	1.796504077171617E-5	7.859705337625826E-6
4	1.1228150482322607E-6	7.298297813509695E-5	0.0	2.1333485916412956E-5	2.3579116012877475E-5
5	1.1228150482322607E-6	9.768490919620668E-5	0.0	2.1333485916412956E-5	2.6947561157574257E-5
6	1.1228150482322607E-6	1.1115868977499382E-4	0.0	2.2456300964645214E-5	3.14388213505033E-5
7	1.1228150482322607E-6	1.3810625093256808E-4	0.0	2.3579116012877475E-5	3.7052896591664604E-5
8	2.2456300964645214E-6	1.6280818199367782E-4	0.0	3.14388213505033E-5	4.266697183282591E-5
9	3.368445144696782E-6	1.7628196257246493E-4	0.0	3.593008154343234E-5	4.491260192929043E-5
10-11	3.929852668812912E-6	2.0266811620592306E-4	0.0	3.929852668812913E-5	5.0526677170451736E-5
12-13	5.6140752411613035E-6	2.2961567736349734E-4	0.0	4.4912601929290435E-5	6.624608784570338E-5
14-15	6.175482765277433E-6	2.4701931061109735E-4	0.0	4.9403862122219474E-5	7.691283080390986E-5
16-17	6.736890289393564E-6	2.6498435138281353E-4	1.1228150482322607E-6	5.3333714791032386E-5	8.757957376211633E-5
18-19	7.298297813509695E-6	2.739668717686716E-4	2.2456300964645214E-6	5.670215993572917E-5	1.128429123473422E-4
20-21	7.859705337625826E-6	2.812651695821813E-4	2.2456300964645214E-6	6.400045774923886E-5	1.3529921331198742E-4
22-23	8.421112861741955E-6	2.8744065234745874E-4	2.2456300964645214E-6	7.073734803863242E-5	1.6561521961425845E-4
24-25	1.0666742958206478E-5	2.9923021035389754E-4	2.2456300964645214E-6	7.691283080390985E-5	1.813346302895101E-4
26-27	1.1228150482322607E-5	3.0652850816740716E-4	2.2456300964645214E-6	8.645675871388408E-5	2.0266811620592306E-4
28-29	1.1228150482322607E-5	3.1663384360149755E-4	2.2456300964645214E-6	9.76849091962067E-5	2.6947561157574255E-4
30-31	1.1228150482322607E-5	3.2224791884265887E-4	2.2456300964645214E-6	1.1003587472676156E-4	3.0484428559505875E-4
32-33	1.1228150482322607E-5	3.317918467526331E-4	2.2456300964645214E-6	1.145271349196906E-4	3.2393214141500723E-4
34-35	1.1228150482322607E-5	3.452656273314202E-4	2.2456300964645214E-6	1.1957980263673578E-4	3.278619940838201E-4
36-37	1.2350965530554869E-5	3.6996755839252993E-4	2.2456300964645214E-6	1.2687810045024548E-4	3.4863407247611697E-4
38-39	1.3473780578787128E-5	3.941080819295235E-4	2.2456300964645214E-6	1.324921756914068E-4	3.6996755839252993E-4
40-41	1.3473780578787128E-5	4.0196778726714935E-4	2.2456300964645214E-6	1.3586062083610355E-4	4.0477482488773E-4
42-43	1.3473780578787128E-5	4.0758186250831066E-4	2.2456300964645214E-6	1.3810625093256808E-4	4.468803891964398E-4
44-45	1.459659562701939E-5	4.1881001299063324E-4	2.2456300964645214E-6	1.4652736379431003E-4	4.7775780302282693E-4
46-47	1.459659562701939E-5	4.317223860453043E-4	2.2456300964645214E-6	1.5326425408370358E-4	4.889859535051496E-4
48-49	1.515800315113552E-5	4.43511944051743E-4	2.2456300964645214E-6	1.6168536694544555E-4	5.1649492218684E-4
50-51	1.6842225723483913E-5	4.5530150205818173E-4	2.2456300964645214E-6	1.6729944218660684E-4	5.411968532479497E-4
52-53	1.6842225723483913E-5	4.704595052093173E-4	2.2456300964645214E-6	1.7291351742776816E-4	5.653373767849433E-4
54-55	1.6842225723483913E-5	5.052667717045173E-4	2.2456300964645214E-6	1.7684337009658108E-4	5.90039307846053E-4
56-57	1.8526448295832302E-5	5.378284081032529E-4	2.8070376205806517E-6	1.8245744533774237E-4	6.057587185213047E-4
58-59	1.9087855819948433E-5	5.687058219296401E-4	3.368445144696782E-6	1.886329281030198E-4	6.124956088106983E-4
60-61	1.9649263344064563E-5	5.978990131836788E-4	3.368445144696782E-6	2.0379093125415533E-4	6.147412389071627E-4
62-63	2.1333485916412956E-5	6.428116151129693E-4	3.368445144696782E-6	2.127734516400134E-4	6.209167216724402E-4
64-65	2.3017708488761345E-5	6.837943643734467E-4	3.368445144696782E-6	2.234401945982199E-4	6.276536119618338E-4
66-67	2.5263338585225868E-5	6.972681449522339E-4	3.368445144696782E-6	2.2793145479114892E-4	6.321448721547628E-4
68-69	2.7508968681690388E-5	7.084962954345565E-4	3.368445144696782E-6	2.3691397517700702E-4	6.338290947271112E-4
70-71	3.31230439228517E-5	7.186016308686468E-4	3.368445144696782E-6	2.3915960527347155E-4	6.394431699682725E-4
72-73	3.9859934212245254E-5	7.320754114474341E-4	3.368445144696782E-6	2.5993168366576834E-4	6.489870978782467E-4
74-75	7.410579318332921E-5	7.545317124120793E-4	3.368445144696782E-6	2.6554575890692966E-4	6.658293236017306E-4
76-77	2.2063315697763925E-4	7.994443143413696E-4	3.368445144696782E-6	2.689142040516265E-4	6.764960665599371E-4
78-79	7.214086684892275E-4	8.078654272031116E-4	3.929852668812912E-6	2.745282792927878E-4	6.84355771897563E-4
80-81	0.002158050522702405	8.0954964977546E-4	4.491260192929043E-6	2.7958094700983294E-4	6.922154772351888E-4
82-83	0.004736595280967792	8.112338723478084E-4	4.491260192929043E-6	2.8351079967864584E-4	6.989523675245822E-4
84-85	0.008760764413832214	8.230234303542471E-4	4.491260192929043E-6	2.975459877815491E-4	7.084962954345566E-4
86-87	0.014556174285283028	8.48286768939473E-4	4.491260192929043E-6	3.632306681031364E-4	7.129875556274856E-4
88-89	0.021646751314869754	8.544622517047504E-4	5.0526677170451736E-6	3.772658562060396E-4	7.242157061098083E-4
>>END_MODULE
