##FastQC	0.11.8
>>Basic Statistics	pass
#Measure	Value
Filename	Bowtie2 on data 5_ alignments
File type	Conventional base calls
Encoding	Sanger / Illumina 1.9
Total Sequences	91185969
Sequences flagged as poor quality	0
Sequence length	100
%GC	48
>>END_MODULE
>>Per base sequence quality	fail
#Base	Mean	Median	Lower Quartile	Upper Quartile	10th Percentile	90th Percentile
1	30.53775368664449	31.0	30.0	33.0	27.0	34.0
2	30.6610125840742	31.0	30.0	34.0	27.0	34.0
3	30.723227506635368	31.0	31.0	34.0	27.0	34.0
4	34.45607962997026	35.0	35.0	37.0	30.0	37.0
5	34.33699335914279	35.0	35.0	37.0	30.0	37.0
6	34.236146933965244	35.0	35.0	37.0	30.0	37.0
7	34.141884306784085	35.0	35.0	37.0	30.0	37.0
8	34.143467565717266	35.0	35.0	37.0	30.0	37.0
9	35.462529898651404	37.0	35.0	39.0	30.0	39.0
10-11	35.466759469321424	37.0	35.0	39.0	30.0	39.0
12-13	35.4632185681988	37.0	35.0	39.0	30.0	39.0
14-15	36.38949989115102	38.0	35.0	40.0	30.0	41.0
16-17	36.31578285909316	38.0	35.0	40.0	29.0	41.0
18-19	36.308845130548534	38.0	35.0	40.0	29.0	41.0
20-21	36.29268581880179	38.0	35.0	40.0	29.0	41.0
22-23	36.23545372424567	38.0	34.5	40.0	29.0	41.0
24-25	36.213625305665175	38.0	34.0	40.0	29.0	41.0
26-27	36.06828879013173	38.0	34.0	40.0	28.5	41.0
28-29	35.969996047308555	38.0	34.0	40.0	28.5	41.0
30-31	35.830335476283636	38.0	34.0	40.0	28.0	41.0
32-33	35.694759903247835	38.0	34.0	40.0	27.0	41.0
34-35	35.536189493144505	38.0	34.0	40.0	27.0	41.0
36-37	35.415219105693765	38.0	34.0	40.0	27.0	41.0
38-39	35.25389222436184	38.0	33.0	40.0	27.0	41.0
40-41	35.1007526333355	38.0	33.0	40.0	26.0	41.0
42-43	35.04147307465691	38.0	33.0	40.0	26.0	41.0
44-45	34.96249209129971	38.0	33.0	40.0	26.0	41.0
46-47	34.8635531964353	38.0	33.0	40.0	26.0	41.0
48-49	34.720400010225255	37.0	33.0	40.0	26.0	41.0
50-51	34.258676370484146	36.5	32.5	39.5	25.0	40.5
52-53	34.16049052458937	37.0	32.0	39.0	25.5	40.5
54-55	34.192980089952215	37.0	32.0	39.0	25.0	41.0
56-57	33.950669548732876	36.0	32.0	39.0	25.0	41.0
58-59	33.698262284189795	36.0	31.5	39.0	24.0	41.0
60-61	33.39288727084755	35.5	31.0	39.0	24.0	40.5
62-63	33.05579649540161	35.0	31.0	39.0	23.0	40.0
64-65	32.698124604016655	35.0	31.0	38.0	23.0	40.0
66-67	32.32287601725217	35.0	30.0	38.0	22.0	40.0
68-69	31.94149242960833	34.5	30.0	37.0	22.0	40.0
70-71	31.540336803351842	34.0	29.5	37.0	20.5	39.0
72-73	31.12381696026063	34.0	29.0	36.0	20.0	39.0
74-75	30.7864739310935	34.0	29.0	36.0	19.5	39.0
76-77	30.10847498917295	33.0	28.5	35.0	19.0	38.0
78-79	30.223929566400727	34.0	29.0	35.0	18.0	37.0
80-81	29.976766529727836	34.0	29.0	35.0	18.0	37.0
82-83	29.605268706416883	33.5	29.0	35.0	16.0	36.5
84-85	29.159783809502535	33.0	28.5	35.0	11.5	36.0
86-87	28.74783494925628	33.0	27.0	35.0	7.0	36.0
88-89	28.324675274328662	33.0	27.0	35.0	4.5	35.0
90-91	27.866170024469447	33.0	26.0	35.0	2.0	35.0
92-93	27.35434945589052	32.5	25.5	35.0	2.0	35.0
94-95	26.761164719322117	32.0	25.0	35.0	2.0	35.0
96-97	25.989456080682764	32.0	24.0	34.5	2.0	35.0
98-99	24.95085130915262	32.0	19.0	34.0	2.0	35.0
100	22.601000675882492	29.0	2.0	34.0	2.0	35.0
>>END_MODULE
>>Per sequence quality scores	pass
#Quality	Count
2	105165.0
3	55467.0
4	40002.0
5	37806.0
6	39863.0
7	46795.0
8	63313.0
9	86795.0
10	114253.0
11	143893.0
12	177779.0
13	213602.0
14	253416.0
15	297924.0
16	348479.0
17	406448.0
18	468536.0
19	538857.0
20	624705.0
21	739126.0
22	893737.0
23	1103746.0
24	1376393.0
25	1710901.0
26	2098921.0
27	2539007.0
28	3033195.0
29	3574955.0
30	4182333.0
31	4874177.0
32	5695695.0
33	6672389.0
34	7886708.0
35	9305155.0
36	1.0896542E7
37	1.1348307E7
38	7692557.0
39	1497661.0
40	1366.0
>>END_MODULE
>>Per base sequence content	warn
#Base	G	A	T	C
1	32.460381935269055	17.23390984019305	9.056592785840175	41.249115438697714
2	25.40040537339971	18.34713391820492	30.324559513730904	25.927901194664464
3	25.628263165951743	19.307763217017808	22.732363582120737	32.331610034909716
4	28.85978944305881	22.21331443501537	20.718102157080768	28.208793964845057
5	30.680228884775023	22.966872238863854	22.55847168767818	23.794427188682942
6	27.72403065651471	26.8994717816729	22.744842465840332	22.631655095972057
7	22.870388096659916	25.962725690835175	31.542996488856744	19.623889723648162
8	21.83016117315154	26.14406389649706	29.76810500308441	22.257669927266992
9	21.62528206505104	24.272233154642464	31.793585480239837	22.30889930006666
10-11	23.901196904536924	29.476684071866366	25.3806959050904	21.241423118506315
12-13	23.89599873638454	26.257779856460157	26.49939707281062	23.346824334344685
14-15	24.003612332068325	26.62189618229533	26.463015379043675	22.91147610659267
16-17	24.382717939767236	26.416710154260194	25.958627614949332	23.241944291023238
18-19	24.0619623179088	26.283128054492682	25.877199374829257	23.77771025276926
20-21	24.11758128797568	26.225212768152527	26.022974103893542	23.634231839978252
22-23	24.30182172161718	26.22898829001306	25.811431174303973	23.657758814065787
24-25	24.11308926576986	26.08729600952357	25.97517842836046	23.824436296346104
26-27	23.947741894369738	26.175392729554698	26.08243051077299	23.794434865302577
28-29	24.038719158645996	26.04058141883649	25.968430515883423	23.95226890663409
30-31	23.85469084613226	26.027914448109886	26.00936554175347	24.10802916400439
32-33	23.990752349190917	26.11765851827489	26.017667257558013	23.87392187497618
34-35	24.234242660732157	26.21964295844682	25.79157600441796	23.75453837640306
36-37	23.89844922303781	26.200411381272925	26.014687632479948	23.886451763209315
38-39	23.77999843375026	26.23747026255761	26.13984285235813	23.842688451334
40-41	23.847491952668136	26.190821233641888	25.98878686033806	23.972899953351924
42-43	23.672812535446106	26.129546860438584	26.132542387085888	24.06509821702942
44-45	23.775694733425894	26.212770317955364	26.223580648191785	23.787954300426957
46-47	23.8798556314293	26.24907080631484	26.004570870477707	23.866502691778155
48-49	23.632303013635795	26.388905841423917	26.115541964575712	23.86324918036458
50-51	23.655653645573476	26.182905398526827	26.380220294637653	23.781220661262044
52-53	23.817468008910414	26.170438382799823	25.95029413486812	24.06179947342165
54-55	23.846575904196044	26.27412660940957	25.94930852488059	23.9299889615138
56-57	23.76488525451461	26.297325928607805	26.174730061424107	23.76305875545348
58-59	23.6750292417654	26.343363673084312	26.070995439510114	23.910611645640167
60-61	23.564236314184065	26.111668666503817	26.253492349101272	24.070602670210846
62-63	23.50441713740667	26.128566515260772	26.41318877434373	23.953827572988825
64-65	23.752658763683243	26.19719891366809	26.10292944986636	23.947212872782305
66-67	23.748625734294716	26.17311661183312	26.103864729451963	23.974392924420204
68-69	23.65053279194741	26.232368052150655	26.31962434922417	23.79747480667777
70-71	23.67489866160172	26.249529249186526	26.205284252009044	23.870287837202714
72-73	23.542078311577313	26.21283391923629	26.230722076412537	24.01436569277386
74-75	23.599995407186324	26.24718606542086	26.353086720075563	23.799731807317254
76-77	23.724843088872248	26.33388749518159	26.10561972907642	23.835649686869743
78-79	23.628011000593617	26.23341397246206	26.21662726830381	23.92194775864051
80-81	23.559719398461574	26.287648928508723	26.342957045926035	23.809674627103664
82-83	23.67233657760642	26.224841069747708	26.14963263184778	23.9531897207981
84-85	23.64674978067883	26.172966331595887	26.117635413577283	24.062648474148002
86-87	23.635191722635398	26.28504361065762	26.228845129267913	23.850919537439065
88-89	23.813246269398395	26.410919784851515	26.009709564352697	23.76612438139739
90-91	23.714419713922837	26.230140153042335	26.1875227475241	23.867917385510726
92-93	23.51588872921125	26.35175129952524	26.335742776443887	23.796617194819618
94-95	23.560525472182572	26.32995888928385	26.137723440610465	23.971792197923108
96-97	23.72066267182717	26.18076058810081	26.070846800492504	24.027729939579523
98-99	23.721861752714997	26.303147354104823	26.216626739847005	23.75836415333318
100	24.0743897513318	26.266080093640337	25.573965562938916	24.08556459208895
>>END_MODULE
>>Per sequence GC content	pass
#GC Content	Count
0	3.0
1	1.5
2	3.0
3	6.5
4	6.0
5	7.5
6	13.0
7	20.0
8	31.5
9	51.5
10	74.5
11	106.5
12	176.5
13	324.0
14	686.0
15	1442.0
16	3178.5
17	6362.5
18	12417.0
19	23087.0
20	40199.5
21	67828.5
22	108532.5
23	166225.0
24	242989.5
25	338752.5
26	452695.5
27	588366.5
28	736578.5
29	878863.5
30	1021589.0
31	1174150.5
32	1325748.0
33	1475582.5
34	1618489.0
35	1748310.0
36	1898595.0
37	2123342.0
38	2277500.0
39	2416193.5
40	2568546.5
41	2602580.5
42	2714948.5
43	2885658.5
44	3012784.5
45	3134037.5
46	3132757.0
47	3026476.0
48	2943110.5
49	2909332.5
50	2876757.0
51	2767599.0
52	2627296.0
53	2519303.0
54	2495966.5
55	2483048.5
56	2377959.5
57	2246224.0
58	2152961.0
59	2093292.0
60	2018994.0
61	1911685.0
62	1784316.5
63	1647980.5
64	1507578.5
65	1357284.5
66	1198705.5
67	1039226.5
68	883638.0
69	733326.5
70	594597.0
71	473212.0
72	374348.0
73	297096.0
74	236205.5
75	185987.5
76	145459.5
77	115253.5
78	92794.0
79	75894.5
80	60176.0
81	44191.0
82	31479.0
83	22341.5
84	15121.5
85	9456.5
86	5571.5
87	2986.0
88	1253.0
89	444.0
90	143.5
91	39.0
92	10.5
93	4.5
94	2.0
95	0.5
96	0.0
97	0.0
98	0.0
99	0.0
100	0.0
>>END_MODULE
>>Per base N content	pass
#Base	N-Count
1	0.00412782804336926
2	0.0031550906697059935
3	1.93012150805789E-4
4	0.006660015862747481
5	0.0
6	0.0
7	0.0
8	0.0
9	0.0
10-11	0.0
12-13	0.0
14-15	0.0
16-17	5.483299738800824E-7
18-19	0.0
20-21	4.26052389704824E-4
22-23	5.483299738800824E-7
24-25	2.741649869400412E-6
26-27	0.0
28-29	0.0
30-31	0.0
32-33	0.0
34-35	0.0
36-37	0.0
38-39	0.0
40-41	5.483299738800824E-7
42-43	0.0
44-45	4.441472788428667E-5
46-47	6.0864627100689145E-5
48-49	0.0
50-51	0.0
52-53	0.001576997004879117
54-55	6.031629712680906E-6
56-57	6.52512668917298E-4
58-59	4.551138783204683E-5
60-61	2.3139524897739476E-4
62-63	7.956267920999994E-4
64-65	2.7964828667884202E-5
66-67	0.0
68-69	0.0
70-71	5.686181829136454E-4
72-73	0.009131339055025011
74-75	3.947975811936593E-5
76-77	5.642315431226047E-4
78-79	7.764352430141966E-4
80-81	4.814337170667123E-4
82-83	6.25096170223294E-5
84-85	6.689625681337005E-5
86-87	2.5332844793259806E-4
88-89	1.1679428443645755E-4
90-91	2.423618484549964E-4
92-93	1.8423887122370769E-4
94-95	1.46404103025982E-4
96-97	4.512755685033078E-4
98-99	2.0343042030951055E-4
100	0.09702589221813282
>>END_MODULE
>>Sequence Length Distribution	pass
#Length	Count
100	9.1185969E7
>>END_MODULE
>>Sequence Duplication Levels	pass
#Total Deduplicated Percentage	84.14385970112845
#Duplication Level	Percentage of deduplicated	Percentage of total
1	88.05608832153187	74.09379141557154
2	8.599921955055262	14.472612528536485
3	1.945817443058509	4.911857697981711
4	0.6856609820808565	2.3077664591499816
5	0.2898802559790669	1.2195821794614905
6	0.15051478396091283	0.7598936918731626
7	0.09330462480246833	0.5495707881191728
8	0.051387984358203034	0.3459186676928336
9	0.03402277364963335	0.2576526743356199
>10	0.09314128497207388	1.0676072931960883
>50	2.479221525262468E-4	0.01264696109765298
>100	1.166839858060813E-5	0.0010996429842759614
>500	0.0	0.0
>1k	0.0	0.0
>5k	0.0	0.0
>10k+	0.0	0.0
>>END_MODULE
>>Overrepresented sequences	pass
>>END_MODULE
>>Adapter Content	pass
#Position	Illumina Universal Adapter	Illumina Small RNA 3' Adapter	Illumina Small RNA 5' Adapter	Nextera Transposase Sequence	SOLID Small RNA Adapter
1	2.1933198955203295E-6	4.386639791040659E-6	0.0	3.289979843280494E-6	1.0966599477601647E-6
2	2.1933198955203295E-6	3.1803138485044775E-5	0.0	1.7546559164162636E-5	1.0966599477601647E-6
3	2.1933198955203295E-6	4.4963057858166754E-5	0.0	2.1933198955203293E-5	8.773279582081318E-6
4	4.386639791040659E-6	4.934969764920741E-5	0.0	3.0706478537284614E-5	2.302985890296346E-5
5	6.579959686560988E-6	5.4832997388008236E-5	0.0	3.0706478537284614E-5	2.522317879848379E-5
6	8.773279582081318E-6	6.250961702232938E-5	0.0	3.0706478537284614E-5	2.7416498694004118E-5
7	8.773279582081318E-6	7.347621649993103E-5	2.1933198955203295E-6	3.1803138485044775E-5	2.7416498694004118E-5
8	9.869939529841482E-6	8.224949608201236E-5	2.1933198955203295E-6	3.1803138485044775E-5	2.7416498694004118E-5
9	1.2063259425361813E-5	9.102277566409368E-5	2.1933198955203295E-6	3.3996458380565104E-5	2.9609818589524447E-5
10-11	1.2611589399241895E-5	1.0363436506333556E-4	2.1933198955203295E-6	3.509311832832527E-5	3.0706478537284614E-5
12-13	1.3159919373121977E-5	1.2008426427973804E-4	2.1933198955203295E-6	3.728643822384561E-5	3.3996458380565104E-5
14-15	1.4256579320882143E-5	1.2830921388793927E-4	2.1933198955203295E-6	4.33180679365265E-5	3.673810824996552E-5
16-17	1.644989921640247E-5	1.4475911310434176E-4	2.1933198955203295E-6	4.825303770144725E-5	4.0576418067126097E-5
18-19	1.6998229190282552E-5	1.617573422946243E-4	2.1933198955203295E-6	5.4832997388008236E-5	4.880136767532733E-5
20-21	1.86432191119228E-5	1.738206017199861E-4	2.1933198955203295E-6	6.031629712680906E-5	6.415460694396963E-5
22-23	2.138486898132321E-5	1.7875557148490685E-4	2.1933198955203295E-6	6.634792683948997E-5	8.060450616037211E-5
24-25	2.1933198955203293E-5	1.8807718104086826E-4	2.1933198955203295E-6	7.018623665665054E-5	8.44428159775327E-5
26-27	2.1933198955203293E-5	1.9410881075354917E-4	2.1933198955203295E-6	8.060450616037211E-5	9.321609555961401E-5
28-29	2.302985890296346E-5	2.0123710041399022E-4	2.1933198955203295E-6	8.882945576857334E-5	1.1240764464541688E-4
30-31	2.522317879848379E-5	2.1001037999607153E-4	2.1933198955203295E-6	9.211943561185384E-5	1.2282591414913846E-4
32-33	2.7416498694004118E-5	2.2097697947367318E-4	2.1933198955203295E-6	9.376442553349408E-5	1.310508637573397E-4
34-35	2.8513158641764282E-5	2.3194357895127483E-4	2.1933198955203295E-6	9.431275550737416E-5	1.3324418365286004E-4
36-37	2.9609818589524447E-5	2.511351280370777E-4	2.1933198955203295E-6	9.540941545513433E-5	1.365341634961405E-4
38-39	2.9609818589524447E-5	2.670366972796001E-4	2.1933198955203295E-6	9.705440537677458E-5	1.46404103025982E-4
40-41	2.9609818589524447E-5	2.708750070967607E-4	2.1933198955203295E-6	1.0198937514169533E-4	1.617573422946243E-4
42-43	2.9609818589524447E-5	2.884215662609233E-4	2.1933198955203295E-6	1.085693348282563E-4	1.804005614065471E-4
44-45	3.0706478537284614E-5	2.9993649571240504E-4	2.1933198955203295E-6	1.1185931467153681E-4	1.9301215080578897E-4
46-47	3.3996458380565104E-5	3.070647853728461E-4	2.1933198955203295E-6	1.1569762448869738E-4	1.9739879059682964E-4
48-49	3.7834768197725684E-5	3.147414050071673E-4	2.1933198955203295E-6	1.1789094438421772E-4	2.0452708025727072E-4
50-51	3.947975811936593E-5	3.2132136469372824E-4	2.1933198955203295E-6	1.2392257409689862E-4	2.1878365957815285E-4
52-53	4.0576418067126097E-5	3.2844965435416935E-4	2.1933198955203295E-6	1.2611589399241893E-4	2.3084691900351466E-4
54-55	4.2769737962646425E-5	3.4380289362281164E-4	2.1933198955203295E-6	1.2666422396629903E-4	2.4729681821991715E-4
56-57	4.4963057858166754E-5	3.5641448302205355E-4	2.1933198955203295E-6	1.2940587383569944E-4	2.5826341769751883E-4
58-59	4.4963057858166754E-5	3.745093721600962E-4	2.1933198955203295E-6	1.3434084360062018E-4	2.714233370706408E-4
60-61	4.605971780592692E-5	3.920559313242589E-4	2.1933198955203295E-6	1.4804909294762223E-4	2.758099768616814E-4
62-63	4.880136767532733E-5	4.227624098615435E-4	2.1933198955203295E-6	1.6395066219014462E-4	2.774549667833217E-4
64-65	5.428466741412815E-5	4.4414727884286675E-4	2.1933198955203295E-6	1.7601392161550644E-4	2.917115461042038E-4
66-67	5.867130720516881E-5	4.5895218813762895E-4	2.1933198955203295E-6	1.8204555132818735E-4	2.982915057907648E-4
68-69	6.415460694396963E-5	4.693704576413505E-4	2.1933198955203295E-6	1.891738409886284E-4	3.0596812542508595E-4
70-71	7.347621649993103E-5	4.8033705711895215E-4	2.1933198955203295E-6	1.9301215080578897E-4	3.169347249026876E-4
72-73	9.595774542901442E-5	4.973352863092347E-4	2.1933198955203295E-6	2.1220369989159187E-4	3.2844965435416935E-4
74-75	1.6888563195506537E-4	5.126885255778771E-4	2.1933198955203295E-6	2.2097697947367318E-4	3.421579037011714E-4
76-77	5.148818454733973E-4	5.307834147159198E-4	2.1933198955203295E-6	2.275569391602342E-4	3.487378633877324E-4
78-79	0.0016471832415357675	5.46136653984562E-4	2.1933198955203295E-6	2.3468522882067524E-4	3.52576173204893E-4
80-81	0.004445311098245828	5.543616035927633E-4	2.1933198955203295E-6	2.3633021874231548E-4	3.734127122123361E-4
82-83	0.008908168755655818	5.603932333054442E-4	2.1933198955203295E-6	2.385235386378358E-4	3.7779935200337676E-4
84-85	0.015380107437362431	5.653282030703649E-4	2.1933198955203295E-6	2.5168345801095777E-4	3.810893318466573E-4
86-87	0.02403056110529461	5.768431325218466E-4	2.1933198955203295E-6	3.19676374772088E-4	3.8766929153321824E-4
88-89	0.03377438474114368	5.839714221822878E-4	2.7416498694004116E-6	3.361262739884905E-4	3.942492512197792E-4
>>END_MODULE
