##FastQC	0.11.8
>>Basic Statistics	pass
#Measure	Value
Filename	Bowtie2 on data 6_ alignments
File type	Conventional base calls
Encoding	Sanger / Illumina 1.9
Total Sequences	46971267
Sequences flagged as poor quality	0
Sequence length	100
%GC	46
>>END_MODULE
>>Per base sequence quality	pass
#Base	Mean	Median	Lower Quartile	Upper Quartile	10th Percentile	90th Percentile
1	30.97859031564978	31.0	31.0	33.0	28.0	34.0
2	30.773564208945015	31.0	31.0	34.0	27.0	34.0
3	30.55332224698133	31.0	31.0	34.0	26.0	34.0
4	34.501827617296335	35.0	35.0	37.0	30.0	37.0
5	34.720412310785655	35.0	35.0	37.0	32.0	37.0
6	34.76173125157556	36.0	35.0	37.0	32.0	37.0
7	33.582242948651995	35.0	35.0	37.0	29.0	37.0
8	34.14826842971896	35.0	35.0	37.0	29.0	37.0
9	36.06930892453891	38.0	35.0	39.0	31.0	39.0
10-11	36.31489453967678	38.0	35.0	39.0	32.0	39.0
12-13	36.29591575632823	38.0	35.0	39.0	32.0	39.0
14-15	37.36530149378342	39.0	36.0	41.0	32.0	41.0
16-17	37.34870900970161	39.0	36.0	40.0	32.0	41.0
18-19	37.30914536539966	39.0	36.0	40.0	32.0	41.0
20-21	37.259496598207576	39.0	36.0	40.0	31.5	41.0
22-23	37.12306101941002	39.0	36.0	40.0	31.0	41.0
24-25	37.03361557183459	39.0	36.0	40.0	31.0	41.0
26-27	36.83919668379394	39.0	36.0	40.0	30.5	41.0
28-29	36.70927541724603	38.5	35.5	40.0	30.0	41.0
30-31	36.62740345070956	38.0	35.0	40.0	30.0	41.0
32-33	36.02900238990786	38.0	35.0	40.0	28.5	41.0
34-35	35.96994763841478	38.0	34.0	40.0	28.5	41.0
36-37	36.302097248089986	38.0	35.0	40.0	30.0	41.0
38-39	36.3705092200302	38.0	35.0	40.0	30.0	41.0
40-41	36.27840754221086	38.0	35.0	40.0	30.0	41.0
42-43	36.21919868586896	38.0	35.0	40.0	30.0	41.0
44-45	36.14212122487562	38.0	34.5	40.0	29.0	41.0
46-47	36.05522161026655	38.0	34.0	40.0	29.0	41.0
48-49	35.90936714566375	38.0	34.0	40.0	28.5	41.0
50-51	35.44763104857274	37.5	33.5	39.5	28.0	41.0
52-53	35.48067087481375	37.5	33.5	40.0	28.0	41.0
54-55	35.58004129418097	38.0	34.0	40.0	28.0	41.0
56-57	35.382167368404176	37.0	34.0	40.0	28.0	41.0
58-59	35.1558109663084	37.0	33.0	40.0	28.0	41.0
60-61	34.84288787653951	36.5	33.0	39.0	27.5	41.0
62-63	34.49452705842489	36.0	33.0	39.0	26.5	40.5
64-65	34.19613502228927	35.5	32.0	39.0	26.0	40.0
66-67	33.85344674649717	35.0	32.0	38.0	26.0	40.0
68-69	33.50746809746478	35.0	32.0	37.5	26.0	40.0
70-71	33.09628180776984	35.0	31.5	37.0	26.0	39.0
72-73	32.692021901389204	35.0	31.0	36.5	26.0	39.0
74-75	32.33884669323483	34.0	31.0	36.0	25.0	38.5
76-77	31.60826248310483	34.0	30.0	35.0	24.5	37.0
78-79	31.78700608608237	34.0	31.0	35.0	25.0	37.0
80-81	31.603476706302175	34.0	31.0	35.0	25.0	36.5
82-83	31.294110929560404	34.0	30.5	35.0	24.0	36.0
84-85	30.943635850827697	34.0	30.0	35.0	23.5	36.0
86-87	30.587293302094665	34.0	30.0	35.0	22.0	35.0
88-89	30.268831943579464	34.0	29.5	35.0	20.0	35.0
90-91	30.061418153783247	34.0	29.0	35.0	20.0	35.0
92-93	29.862223197002542	34.0	29.0	35.0	19.0	35.0
94-95	29.50818441835942	34.0	29.0	35.0	17.5	35.0
96-97	29.017351384198342	33.5	29.0	35.0	6.0	35.0
98-99	28.39032956040977	33.0	29.0	35.0	2.0	35.0
100	26.2596899930334	31.0	25.0	34.0	2.0	35.0
>>END_MODULE
>>Per sequence quality scores	pass
#Quality	Count
2	258.0
3	299.0
4	443.0
5	875.0
6	1480.0
7	2890.0
8	4711.0
9	7388.0
10	10960.0
11	15669.0
12	20940.0
13	27981.0
14	35747.0
15	45387.0
16	58193.0
17	74352.0
18	95134.0
19	120809.0
20	151335.0
21	187643.0
22	239423.0
23	310286.0
24	408331.0
25	541092.0
26	714614.0
27	933666.0
28	1198866.0
29	1514317.0
30	1886268.0
31	2325527.0
32	2866081.0
33	3559193.0
34	4489096.0
35	5706392.0
36	7090662.0
37	7547514.0
38	4321457.0
39	455856.0
40	132.0
>>END_MODULE
>>Per base sequence content	fail
#Base	G	A	T	C
1	28.137246942347904	14.971004282568574	21.234043902316362	35.65770487276716
2	23.19914950350913	22.6313242959372	32.935248393668374	21.2342778068853
3	25.04388983384519	26.946290748588055	26.506719654806687	21.503099762760073
4	25.564325034085744	31.869793277359516	21.165702097832366	21.400179590722377
5	25.910601123329986	33.65187415400035	21.502284598218562	18.9352401244511
6	20.805268037585616	35.31873219430083	21.328883889804377	22.547115878309178
7	18.007720756588373	15.995882251370535	41.95912552585288	24.03727146618821
8	20.49346296095149	22.751164509809037	26.626071777584194	30.12930075165528
9	20.648519088118178	22.220908179984605	30.588024226387617	26.542548505509604
10-11	24.423408912059415	31.382114484058654	20.573564716359723	23.62091188752221
12-13	22.197916211933578	23.7891070589361	28.908599817435075	25.10437691169524
14-15	22.290099653690408	26.29703018862638	27.977583146257967	23.435287011425242
16-17	23.109487052355288	26.366034196225783	26.639722074844702	23.884756676574227
18-19	23.12892254445351	26.586130903649284	26.415656465713667	23.869290086183543
20-21	23.231078693278594	26.588645139165614	26.692356414401168	23.487919753154625
22-23	23.330353674265584	27.097693733236756	26.224225527707024	23.347727064790632
24-25	23.198929668999327	27.09563447132272	26.337994651368124	23.36744120830983
26-27	22.834447608802954	27.18036198075144	26.519481186094357	23.465709224351247
28-29	22.95194683490115	26.777808160418754	26.66186387226608	23.608381132414017
30-31	22.55532492739386	27.20528599292435	27.03919816282443	23.200190916857366
32-33	23.024515359389934	26.851404606480145	26.703224987310854	23.420855046819067
34-35	23.674115749039895	26.604811688439355	26.564732930929168	23.15633963159158
36-37	23.109096593417274	26.908809034630004	26.62385077344628	23.358243598506448
38-39	22.976997083876523	26.88888473977983	26.413798505137038	23.720319671206617
40-41	23.308759121282645	26.58578862646399	26.502901769174443	23.602550483078925
42-43	22.934695110697582	26.660393469104438	26.80465295577225	23.60025846442573
44-45	23.076122829009826	26.79592274564353	26.758522025740085	23.369432399606556
46-47	23.239972428250656	26.741508803669273	26.714699861087414	23.303818906992653
48-49	23.050504471169578	26.56617608377479	26.810217829550993	23.573101615504644
50-51	23.24283738837522	26.38741575100475	26.79200679266464	23.57774006795539
52-53	22.894096343914548	26.95668365131189	26.61338641431485	23.535833590458708
54-55	22.961525462986543	26.711593975701092	26.704613103578122	23.622267457734242
56-57	23.243033874304476	26.460078243152353	26.667740301746594	23.629147580796577
58-59	23.07271109049141	26.70975109790275	26.83298603053214	23.3845517810737
60-61	23.265921270550354	26.287174667866637	26.82972869350107	23.617175368081938
62-63	23.022216965107624	27.31361174481412	26.6601824898613	23.00398880021695
64-65	22.821535906849565	27.061217897834393	26.895812453094976	23.221433742221066
66-67	22.766420160648423	26.920523561776605	26.72696480595254	23.586091471622428
68-69	23.424305485418053	27.14777668983035	26.367090199735905	23.06082762501569
70-71	23.120214108765687	26.658125913444064	26.720921749885946	23.500738227904307
72-73	23.08631572573931	26.847902569883843	26.649477008997863	23.416304695378987
74-75	23.16452614867946	27.182146454098966	26.57397353782035	23.079353859401223
76-77	22.888802582906127	26.74136220610866	26.676386113616935	23.693449097368283
78-79	23.02456836358422	26.480297478717713	27.150428916927822	23.344705240770246
80-81	22.945671233437242	27.235698155640552	26.39223676891662	23.426393842005584
82-83	23.197423879391067	26.921770313618236	26.46390404615181	23.416901760838886
84-85	23.07726682230794	26.732672276621916	26.737675335939464	23.45238556513068
86-87	22.82247013383772	27.149878333362125	26.762538655222713	23.26511287757744
88-89	23.2772739890516	26.763838827369646	26.75660522851977	23.202281955058986
90-91	23.220965158963597	26.984560649290763	26.693535789704676	23.100938402040967
92-93	22.95630466324074	27.3344936888173	26.707417811355555	23.001783836586405
94-95	22.999490687921735	27.262815783654332	26.70579042677661	23.031903101647327
96-97	23.384902699394008	26.477045343329003	26.790368822197664	23.34768313507932
98-99	23.31682056144276	26.769263538889533	27.051963258137818	22.86195264152989
100	24.455499571684964	26.940833850617658	25.72999574399388	22.873670833703507
>>END_MODULE
>>Per sequence GC content	warn
#GC Content	Count
0	0.0
1	0.5
2	1.5
3	1.5
4	1.5
5	2.5
6	6.0
7	9.0
8	16.5
9	26.0
10	28.0
11	39.5
12	76.0
13	152.5
14	277.5
15	543.5
16	1213.5
17	2157.5
18	3851.0
19	6993.0
20	11658.5
21	18915.0
22	29547.0
23	44451.0
24	64093.0
25	88333.0
26	116853.5
27	152462.5
28	194208.5
29	229639.5
30	266016.5
31	332070.0
32	411673.5
33	516066.5
34	615520.0
35	710585.0
36	884398.5
37	1163826.0
38	1368215.5
39	1532019.5
40	1682441.5
41	1738121.0
42	2011159.0
43	2292131.5
44	2366176.5
45	2424432.5
46	2349037.5
47	2241522.5
48	2209727.5
49	2152517.5
50	2065257.0
51	1881202.5
52	1582509.5
53	1314775.0
54	1184250.0
55	1088337.5
56	922586.5
57	774757.5
58	698914.5
59	650886.0
60	603399.5
61	543359.0
62	486979.0
63	441113.5
64	404300.0
65	363609.0
66	319250.0
67	279204.5
68	239468.5
69	196946.5
70	158556.0
71	127066.0
72	101565.5
73	80556.5
74	63489.0
75	49002.5
76	36857.5
77	27138.5
78	19765.0
79	13909.0
80	8813.5
81	5128.0
82	2761.0
83	1342.0
84	615.5
85	249.5
86	91.5
87	31.0
88	6.5
89	1.0
90	0.0
91	0.0
92	0.0
93	0.0
94	0.0
95	0.0
96	0.0
97	0.0
98	0.0
99	0.0
100	0.0
>>END_MODULE
>>Per base N content	pass
#Base	N-Count
1	0.013259169696231527
2	0.18247751332745613
3	5.386271568957252E-4
4	4.470818298343964E-5
5	4.4069494655104793E-4
6	0.0
7	3.631486031662719
8	2.128961094449507E-6
9	1.0644805472247533E-5
10-11	5.322402736123767E-6
12-13	6.706227447515947E-5
14-15	2.128961094449507E-6
16-17	1.277376656669704E-4
18-19	4.257922188899014E-6
20-21	0.0
22-23	2.0225130397270313E-5
24-25	6.3868832833485196E-6
26-27	2.6612013680618835E-5
28-29	2.128961094449507E-6
30-31	7.451363830573273E-5
32-33	1.1031957047273178
34-35	1.0644805472247534E-6
36-37	4.257922188899014E-6
38-39	1.0644805472247533E-5
40-41	1.8096169302820807E-5
42-43	1.2773766566697039E-5
44-45	5.237244292345787E-4
46-47	0.0
48-49	0.0
50-51	2.0225130397270313E-5
52-53	3.832129970009112E-5
54-55	1.2454422402529615E-4
56-57	0.0
58-59	1.59672082083713E-5
60-61	0.0
62-63	0.0
64-65	4.257922188899013E-5
66-67	0.0
68-69	9.154532706132879E-5
70-71	0.0
72-73	0.0
74-75	8.515844377798027E-6
76-77	3.0763487814795376E-4
78-79	2.3099227874777151E-4
80-81	0.0
82-83	4.045026079454063E-5
84-85	1.4902727661146548E-5
86-87	1.9479994014212987E-4
88-89	0.006269790423153798
90-91	0.0037043923043421417
92-93	6.738161863932689E-4
94-95	1.4051143223366743E-4
96-97	5.322402736123767E-6
98-99	1.0538357417525059E-4
100	0.0
>>END_MODULE
>>Sequence Length Distribution	pass
#Length	Count
100	4.6971267E7
>>END_MODULE
>>Sequence Duplication Levels	pass
#Total Deduplicated Percentage	85.5486271009809
#Duplication Level	Percentage of deduplicated	Percentage of total
1	88.38477118745507	75.61195831721113
2	8.727443111176921	14.93241552526198
3	1.830083470305195	4.696833850944245
4	0.5679441901630342	1.9434738295370397
5	0.21836151247918556	0.9340263802144015
6	0.11397904253723382	0.5850450364406793
7	0.053723235157676616	0.32171643078136686
8	0.035716092524504486	0.24443701447063723
9	0.020102782848082944	0.15477889262063782
>10	0.04769291828118081	0.5653881135466542
>50	1.6912541009069448E-4	0.008763293496447931
>100	1.3331661840198118E-5	0.0011633154747515552
>500	0.0	0.0
>1k	0.0	0.0
>5k	0.0	0.0
>10k+	0.0	0.0
>>END_MODULE
>>Overrepresented sequences	pass
>>END_MODULE
>>Adapter Content	pass
#Position	Illumina Universal Adapter	Illumina Small RNA 3' Adapter	Illumina Small RNA 5' Adapter	Nextera Transposase Sequence	SOLID Small RNA Adapter
1	0.0	6.38688328334852E-6	0.0	0.0	0.0
2	0.0	1.916064985004556E-5	0.0	4.257922188899014E-6	0.0
3	2.128961094449507E-6	1.916064985004556E-5	0.0	4.257922188899014E-6	1.4902727661146547E-5
4	4.257922188899014E-6	1.916064985004556E-5	0.0	1.277376656669704E-5	1.4902727661146547E-5
5	4.257922188899014E-6	1.916064985004556E-5	0.0	1.277376656669704E-5	1.4902727661146547E-5
6	4.257922188899014E-6	1.916064985004556E-5	0.0	1.4902727661146547E-5	1.4902727661146547E-5
7	4.257922188899014E-6	2.3418572038944576E-5	0.0	1.4902727661146547E-5	1.7031688755596054E-5
8	6.38688328334852E-6	2.554753313339408E-5	0.0	1.916064985004556E-5	1.7031688755596054E-5
9	6.38688328334852E-6	2.554753313339408E-5	0.0	1.916064985004556E-5	1.7031688755596054E-5
10-11	6.38688328334852E-6	3.406337751119211E-5	0.0	1.916064985004556E-5	1.916064985004556E-5
12-13	6.38688328334852E-6	5.5352988455687175E-5	0.0	1.916064985004556E-5	2.1289610944495066E-5
14-15	6.38688328334852E-6	6.173987173903569E-5	0.0	2.0225130397270313E-5	2.2354091491719823E-5
16-17	6.38688328334852E-6	6.812675502238422E-5	0.0	2.3418572038944576E-5	2.7676494227843588E-5
18-19	6.38688328334852E-6	6.812675502238422E-5	0.0	2.3418572038944576E-5	2.9805455322293094E-5
20-21	7.451363830573274E-6	6.812675502238422E-5	0.0	2.554753313339408E-5	3.0869935869517847E-5
22-23	8.515844377798027E-6	6.919123556960897E-5	0.0	2.6612013680618835E-5	3.406337751119211E-5
24-25	1.0644805472247533E-5	7.238467721128323E-5	0.0	2.9805455322293097E-5	3.6192338605641615E-5
26-27	1.0644805472247533E-5	7.7707079947407E-5	0.0	3.725681915286637E-5	4.79016246251139E-5
28-29	1.0644805472247533E-5	8.090052158908125E-5	0.0	4.045026079454063E-5	6.280435228626046E-5
30-31	1.0644805472247533E-5	8.1965002136306E-5	0.0	4.257922188899013E-5	6.38688328334852E-5
32-33	1.0644805472247533E-5	9.36742881557783E-5	0.0	4.5772663530664395E-5	6.812675502238422E-5
34-35	1.277376656669704E-5	1.0006117143912681E-4	0.0	4.683714407788915E-5	6.812675502238422E-5
36-37	1.277376656669704E-5	1.2135078238362189E-4	0.0	4.683714407788915E-5	6.812675502238422E-5
38-39	1.4902727661146547E-5	1.4796279606424072E-4	0.0	5.109506626678816E-5	7.025571611683372E-5
40-41	1.4902727661146547E-5	1.5647864044203875E-4	0.0	5.9610910644586194E-5	7.132019666405848E-5
42-43	1.4902727661146547E-5	1.6393000427261203E-4	0.0	6.38688328334852E-5	7.238467721128323E-5
44-45	1.4902727661146547E-5	1.7776825138653382E-4	0.0	6.38688328334852E-5	7.238467721128323E-5
46-47	1.4902727661146547E-5	1.8415513466988234E-4	0.0	6.38688328334852E-5	7.344915775850798E-5
48-49	1.4902727661146547E-5	1.937354595949051E-4	0.0	6.38688328334852E-5	7.451363830573274E-5
50-51	1.4902727661146547E-5	1.9586442068935463E-4	0.0	6.493331338070996E-5	7.451363830573274E-5
52-53	1.7031688755596054E-5	2.1076714835050115E-4	0.0	6.812675502238422E-5	7.664259940018224E-5
54-55	1.7031688755596054E-5	2.1821851218107447E-4	0.0	7.132019666405848E-5	7.98360410418565E-5
56-57	1.7031688755596054E-5	2.2247643436997346E-4	0.0	7.451363830573274E-5	8.302948268353077E-5
58-59	1.7031688755596054E-5	2.2779883710609723E-4	0.0	7.98360410418565E-5	8.622292432520503E-5
60-61	1.7031688755596054E-5	2.3205675929499625E-4	0.0	8.409396323075552E-5	8.728740487242978E-5
62-63	1.7031688755596054E-5	2.4270156476724377E-4	0.0	9.048084651410403E-5	9.36742881557783E-5
64-65	1.7031688755596054E-5	2.4908844805059224E-4	0.0	9.899669089190206E-5	9.36742881557783E-5
66-67	1.7031688755596054E-5	2.522818896922665E-4	0.0	1.0006117143912681E-4	9.36742881557783E-5
68-69	1.7031688755596054E-5	2.533463702394913E-4	0.0	1.0219013253357631E-4	9.473876870300305E-5
70-71	1.7031688755596054E-5	2.5760429242839035E-4	0.0	1.0644805472247534E-4	9.793221034467731E-5
72-73	1.8096169302820807E-5	2.693135784478626E-4	0.0	1.0857701581692485E-4	9.793221034467731E-5
74-75	2.6612013680618835E-5	2.746359811839864E-4	0.0	1.1602837964749813E-4	9.793221034467731E-5
76-77	4.364370243621489E-5	2.778294228256606E-4	0.0	1.2347974347807139E-4	9.793221034467731E-5
78-79	1.394469516864427E-4	2.8102286446733487E-4	0.0	1.2560870457252089E-4	9.899669089190206E-5
80-81	4.1088949122875483E-4	2.8102286446733487E-4	0.0	1.298666267614199E-4	1.0325461308080108E-4
82-83	8.11134176985262E-4	2.8102286446733487E-4	0.0	1.298666267614199E-4	1.0431909362802583E-4
84-85	0.0014860148439257556	2.9166766993958244E-4	0.0	1.3306006840309417E-4	1.0644805472247534E-4
86-87	0.002260956682305376	3.0124799486460523E-4	0.0	1.3838247113921793E-4	1.0644805472247534E-4
88-89	0.003224311577543778	3.0657039760072897E-4	0.0	1.4689831551701596E-4	1.075125352697001E-4
>>END_MODULE
