##FastQC	0.11.8
>>Basic Statistics	pass
#Measure	Value
Filename	Bowtie2 on data 10_ alignments
File type	Conventional base calls
Encoding	Sanger / Illumina 1.9
Total Sequences	136312421
Sequences flagged as poor quality	0
Sequence length	100
%GC	46
>>END_MODULE
>>Per base sequence quality	pass
#Base	Mean	Median	Lower Quartile	Upper Quartile	10th Percentile	90th Percentile
1	31.100553873956944	31.0	31.0	34.0	28.0	34.0
2	30.625372452302052	31.0	31.0	34.0	27.0	34.0
3	30.35055245625782	31.0	31.0	34.0	26.0	34.0
4	34.62868287696247	37.0	35.0	37.0	30.0	37.0
5	34.89717471894949	37.0	35.0	37.0	32.0	37.0
6	34.983627354105906	37.0	35.0	37.0	32.0	37.0
7	35.05850284179165	37.0	35.0	37.0	32.0	37.0
8	35.03465958542399	37.0	35.0	37.0	32.0	37.0
9	36.56220966833243	39.0	35.0	39.0	32.0	39.0
10-11	36.60364799037646	39.0	35.0	39.0	32.0	39.0
12-13	36.56134722308248	38.5	35.0	39.0	32.0	39.0
14-15	37.65867394065285	39.0	37.0	41.0	32.0	41.0
16-17	37.60618105741075	39.0	37.0	41.0	32.0	41.0
18-19	37.53812355441916	39.0	36.5	41.0	32.0	41.0
20-21	37.48536077280881	39.0	36.0	41.0	32.0	41.0
22-23	37.3677843965518	39.0	36.0	40.5	32.0	41.0
24-25	37.290524294921	39.0	36.0	40.5	31.0	41.0
26-27	37.205206200541326	39.0	36.0	40.0	31.0	41.0
28-29	37.126670037648296	39.0	36.0	40.0	31.0	41.0
30-31	37.00132217224724	39.0	36.0	40.0	31.0	41.0
32-33	36.870061401080974	39.0	36.0	40.0	30.0	41.0
34-35	36.713581075638004	38.0	35.0	40.0	30.0	41.0
36-37	36.54901764234677	38.0	35.0	40.0	30.0	41.0
38-39	36.541409865356286	38.0	35.0	40.0	30.0	41.0
40-41	36.48052182640055	38.0	35.0	40.0	30.0	41.0
42-43	36.45350931005767	38.0	35.0	40.0	30.0	41.0
44-45	36.40035157911252	38.0	35.0	40.0	30.0	41.0
46-47	36.309585224812345	38.0	35.0	40.0	30.0	41.0
48-49	36.21087032853741	38.0	34.5	40.0	29.5	41.0
50-51	35.741486812122574	37.5	33.5	40.0	28.5	41.0
52-53	35.715416939150394	38.0	34.0	40.0	28.5	41.0
54-55	35.77319521014156	38.0	34.0	40.0	28.5	41.0
56-57	35.57699915329066	38.0	34.0	40.0	28.0	41.0
58-59	35.32607902987799	37.0	33.5	40.0	28.0	41.0
60-61	35.03609795764687	37.0	33.0	40.0	27.5	41.0
62-63	34.70952632042241	36.0	33.0	39.0	27.0	41.0
64-65	34.40377761319344	36.0	32.5	39.0	26.0	40.5
66-67	34.069341377188216	35.5	32.0	39.0	26.0	40.0
68-69	33.70958733467143	35.0	32.0	38.5	26.0	40.0
70-71	33.32363452410547	35.0	31.0	38.0	26.0	40.0
72-73	32.92778929515161	35.0	31.0	37.0	25.0	39.5
74-75	32.53005168179061	34.5	31.0	37.0	25.0	39.0
76-77	31.656623966058092	34.0	30.0	36.0	23.5	39.0
78-79	31.730204182933555	34.0	30.0	36.0	24.0	38.5
80-81	31.460946368929946	34.0	30.0	35.5	23.0	37.5
82-83	31.075595495439114	34.0	30.0	35.0	22.5	37.0
84-85	30.62860211763094	34.0	29.5	35.0	20.5	36.5
86-87	30.212960372848194	34.0	29.0	35.0	20.0	36.0
88-89	29.780852773497436	33.5	29.0	35.0	18.5	36.0
90-91	29.29132150033488	33.0	29.0	35.0	16.0	35.0
92-93	28.744346676228425	33.0	28.5	35.0	8.5	35.0
94-95	28.138872931469685	33.0	27.0	35.0	2.0	35.0
96-97	27.41335431933969	33.0	26.5	34.5	2.0	35.0
98-99	26.45345272313812	32.0	25.0	34.0	2.0	35.0
100	23.460810764999913	29.0	18.0	33.0	2.0	34.0
>>END_MODULE
>>Per sequence quality scores	pass
#Quality	Count
2	635.0
3	685.0
4	1222.0
5	2173.0
6	3963.0
7	7418.0
8	13748.0
9	21733.0
10	33169.0
11	47772.0
12	65788.0
13	89150.0
14	116354.0
15	152465.0
16	196804.0
17	253300.0
18	322670.0
19	407205.0
20	509079.0
21	636392.0
22	801738.0
23	1028156.0
24	1327190.0
25	1716629.0
26	2208247.0
27	2802143.0
28	3507490.0
29	4342275.0
30	5316940.0
31	6474737.0
32	7901673.0
33	9721706.0
34	1.2142838E7
35	1.5340962E7
36	1.9178182E7
37	2.150396E7
38	1.5645967E7
39	2469337.0
40	526.0
>>END_MODULE
>>Per base sequence content	fail
#Base	G	A	T	C
1	27.235246736750373	14.938063926778423	15.391127208917851	42.435562127553354
2	20.888702159790537	23.64049245208736	36.220913630915916	19.24989175720619
3	24.489930037879013	26.627286598069322	25.945263186647015	22.937520177404647
4	24.871522869478024	33.57740055623288	20.690786477192503	20.860290097096588
5	25.586975709565497	33.16572778538055	22.155738886276655	19.09155761877731
6	20.291327024099843	34.424892966639945	23.20970979451916	22.074070214741052
7	18.71045265933616	15.65226400021169	41.73433542054102	23.902947919911128
8	20.92610307085811	21.530521650126392	28.103292818972008	29.440082460043488
9	20.27818946888193	21.242270357739446	31.116754943410474	27.36278522996815
10-11	24.968044356116607	30.521784799831543	20.96737336792525	23.5427974761266
12-13	22.128056474031812	23.922273744958282	28.959917379796224	24.98975240121368
14-15	22.625512495279963	25.730025446954958	27.896759416247637	23.747702641517446
16-17	23.580883725922526	26.199488819877974	26.462416436723696	23.7572110174758
18-19	23.459341168570887	26.577497478302543	26.23994769367033	23.723213659456242
20-21	23.397358997827496	26.621916575012634	26.454045226003288	23.526679201156583
22-23	23.388167979204184	26.88638733809885	26.463483837617407	23.261960845079553
24-25	23.312536856778344	27.014684778183234	26.484379266112086	23.188399098926336
26-27	23.256699521780906	26.923766430785	26.558388488984015	23.26114555845008
28-29	23.424076556721964	26.664118818608458	26.48086772460231	23.430936900067277
30-31	23.09860519752056	26.809055086902976	26.645168332021164	23.4471713835553
32-33	23.085174766254234	26.932095854453873	26.63630584665605	23.346423532635846
34-35	23.450025511614967	26.90662577256991	26.334136123956007	23.309212591859108
36-37	23.29903780375231	26.841400975484103	26.471434323655657	23.38812689710793
38-39	23.204162737304767	26.795463855784647	26.677827107186364	23.32254629972422
40-41	23.31788531582166	26.72761090495194	26.539254995698446	23.41524878352795
42-43	23.099271342264547	26.839540543410934	26.675208490354667	23.385979623969853
44-45	23.13102083338392	26.841694785833198	26.694628950944978	23.3326554298379
46-47	23.19128460054275	26.79058792448562	26.598219174758842	23.41990830021279
48-49	23.15918040953876	26.771403319144337	26.648884770376135	23.42053150094077
50-51	23.11565906382075	26.80169843069547	26.6457005411121	23.436941964371684
52-53	23.248275136883517	26.78301825186573	26.55610959238294	23.41259701886781
54-55	23.07505138655576	26.811625104846478	26.678230789046676	23.435092719551093
56-57	23.091404379766725	26.810850275412268	26.741835997955693	23.35590934686531
58-59	23.201882429056997	26.8294514802279	26.62022801625337	23.34843807446173
60-61	23.1083662303726	26.85487262903023	26.70988877396417	23.326872366633005
62-63	23.05820245097107	26.887097471476938	26.81919353482835	23.235506542723645
64-65	23.174575973956063	26.85326876279557	26.649744668882754	23.322410594365614
66-67	23.107907680269822	26.90958691247983	26.679499519332907	23.30300588791744
68-69	23.09044932889865	26.94405119545195	26.755581210020473	23.209918265628925
70-71	23.176553229275683	26.86808375326481	26.6854635602072	23.269899457252308
72-73	23.15015371930046	26.919629356447274	26.716031255875063	23.214185668377205
74-75	23.09976799546389	26.966041854689088	26.755098862193933	23.17909128765309
76-77	23.168172253356133	26.910033385732323	26.661853507832568	23.259940853078973
78-79	23.093408707046585	26.815612789974587	26.798515301844724	23.292463201134105
80-81	23.085518010130563	26.91765154695624	26.80807789335647	23.188752549556728
82-83	23.216159895366815	26.860385419469473	26.707677366898245	23.215777318265467
84-85	23.103459148451336	26.861024645729092	26.773564897655216	23.261951308164353
86-87	23.098356935918314	26.920328272935212	26.822505525535068	23.15880926561141
88-89	23.213676543827212	26.880119750789255	26.671738520439014	23.234465184944515
90-91	23.142666564895553	26.909138876440668	26.728039089116447	23.220155469547333
92-93	23.106054528775342	26.933843540922066	26.811523744519743	23.148578185782846
94-95	23.201391436142274	26.884128296471925	26.654949219586772	23.259531047799026
96-97	23.203346925120496	26.845982980932064	26.70949497261772	23.241175121329714
98-99	23.185271527422664	26.884555020028788	26.78603721118995	23.144136241358595
100	23.648026367788752	26.592737723662296	26.50998391965643	23.249251988892517
>>END_MODULE
>>Per sequence GC content	warn
#GC Content	Count
0	8.0
1	7.5
2	12.5
3	15.5
4	18.5
5	22.0
6	31.5
7	60.5
8	78.5
9	101.5
10	153.5
11	243.5
12	416.5
13	722.0
14	1341.5
15	2677.0
16	5655.0
17	11442.0
18	22104.5
19	40737.5
20	71773.0
21	121069.0
22	194027.0
23	301283.0
24	445561.0
25	628827.5
26	849805.0
27	1104248.5
28	1391123.0
29	1695007.0
30	1995444.5
31	2279970.5
32	2547533.0
33	2808259.0
34	3043172.5
35	3258576.0
36	3480927.0
37	3693941.0
38	3877713.0
39	4038065.5
40	4136712.5
41	4193964.5
42	4246452.5
43	4285516.0
44	4299824.0
45	4271974.5
46	4201169.0
47	4103089.0
48	4042259.0
49	3985071.0
50	3944053.0
51	3925884.5
52	3851187.5
53	3733630.5
54	3606173.0
55	3499853.5
56	3364319.0
57	3194165.0
58	3051114.5
59	2916511.0
60	2763025.5
61	2581730.0
62	2364763.5
63	2130894.0
64	1914276.0
65	1697501.0
66	1476865.0
67	1274161.0
68	1090885.5
69	911631.5
70	742295.5
71	593271.0
72	472479.0
73	378831.5
74	302201.5
75	241086.5
76	188077.5
77	142052.0
78	104549.5
79	73141.5
80	48165.0
81	28295.5
82	14755.5
83	7382.5
84	3294.5
85	1163.0
86	380.0
87	123.0
88	34.0
89	9.0
90	2.5
91	1.0
92	1.0
93	0.5
94	0.0
95	0.0
96	0.0
97	0.5
98	0.5
99	0.0
100	0.0
>>END_MODULE
>>Per base N content	pass
#Base	N-Count
1	0.21884212591308902
2	1.371328442622261
3	0.3042569392850854
4	0.009299959539270453
5	6.624488020794525E-4
6	1.8120138883014923E-4
7	0.0
8	7.262727730439179E-5
9	0.0
10-11	2.714352788143936E-5
12-13	0.0
14-15	0.0029127939852231074
16-17	0.0
18-19	0.011254293546734087
20-21	0.0
22-23	0.0
24-25	1.0820730709492717E-4
26-27	3.668044308302616E-6
28-29	1.1004132924907849E-6
30-31	1.4672177233210464E-6
32-33	5.1352620316236625E-6
34-35	0.0
36-37	0.0
38-39	0.0
40-41	0.0
42-43	0.0
44-45	0.0
46-47	0.0
48-49	0.0
50-51	0.0
52-53	6.0522731086993164E-5
54-55	1.1737741786568371E-5
56-57	3.447961649804459E-5
58-59	2.4209092434797265E-5
60-61	1.4672177233210464E-6
62-63	0.0
64-65	2.233838983756293E-4
66-67	2.2191668065230826E-4
68-69	0.0
70-71	2.5676310158118313E-6
72-73	0.0
74-75	0.0
76-77	0.0
78-79	0.0
80-81	0.0
82-83	2.0907852557324913E-5
84-85	0.0
86-87	4.144890068381957E-5
88-89	0.0
90-91	1.834022154151308E-6
92-93	4.548374942295244E-5
94-95	1.5405786094870986E-5
96-97	5.83219045020116E-5
98-99	7.702893047435493E-6
100	0.036979021889722
>>END_MODULE
>>Sequence Length Distribution	pass
#Length	Count
100	1.36312421E8
>>END_MODULE
>>Sequence Duplication Levels	pass
#Total Deduplicated Percentage	83.36102325740686
#Duplication Level	Percentage of deduplicated	Percentage of total
1	89.20276433865325	74.36033712659457
2	7.121814373359728	11.873634672251494
3	1.9051398546649052	4.764432232000016
4	0.7441850475212479	2.481441082169327
5	0.3738433390153351	1.5581981639141995
6	0.2175190561700604	1.0879566660192956
7	0.11916357305890983	0.6953518169639639
8	0.07798975039173686	0.5201044316995946
9	0.059996046498509197	0.4501198644763219
>10	0.17601127600231325	2.1168491621594723
>50	0.001440420040934558	0.07615203571944563
>100	1.3292462306576318E-4	0.015422746032228376
>500	0.0	0.0
>1k	0.0	0.0
>5k	0.0	0.0
>10k+	0.0	0.0
>>END_MODULE
>>Overrepresented sequences	pass
>>END_MODULE
>>Adapter Content	pass
#Position	Illumina Universal Adapter	Illumina Small RNA 3' Adapter	Illumina Small RNA 5' Adapter	Nextera Transposase Sequence	SOLID Small RNA Adapter
1	7.336088616605232E-7	2.7877136743099883E-5	0.0	4.4016531699631396E-6	7.336088616605232E-7
2	2.2008265849815698E-6	1.0637328494077587E-4	0.0	4.768457600793401E-5	2.2008265849815698E-6
3	2.9344354466420928E-6	1.1150854697239953E-4	7.336088616605232E-7	5.06190114545761E-5	7.336088616605232E-6
4	1.2471350648228894E-5	1.1297576469572057E-4	7.336088616605232E-7	6.0889535517823424E-5	1.0270524063247325E-5
5	1.3204959509889419E-5	1.1591020014236266E-4	1.4672177233210464E-6	6.455757982612605E-5	1.2471350648228894E-5
6	1.3204959509889419E-5	1.1884463558900476E-4	1.4672177233210464E-6	7.189366844273127E-5	1.3204959509889419E-5
7	1.4672177233210465E-5	1.577259052570125E-4	1.4672177233210464E-6	7.409449502771284E-5	1.3938568371549942E-5
8	1.6873003818192035E-5	1.672628204585993E-4	1.4672177233210464E-6	8.583223681428121E-5	1.3938568371549942E-5
9	1.7606612679852558E-5	1.6873003818192035E-4	1.4672177233210464E-6	9.903719632417063E-5	1.6139394956531512E-5
10-11	2.017424369566439E-5	1.815681932609795E-4	1.4672177233210464E-6	1.0600648050994561E-4	2.054104812649465E-5
12-13	2.1274656988155173E-5	1.9880800151000178E-4	1.4672177233210464E-6	1.1994504888149555E-4	2.5676310158118314E-5
14-15	2.3108679142306482E-5	2.1824863634400566E-4	1.4672177233210464E-6	1.3645124826885732E-4	2.6409919019778837E-5
16-17	2.5676310158118314E-5	2.486934041029174E-4	1.4672177233210464E-6	1.5222383879455855E-4	3.0444767758911715E-5
18-19	2.751033231226962E-5	2.5896392816616466E-4	1.4672177233210464E-6	1.6286116728863616E-4	3.2278789913063024E-5
20-21	2.934435446642093E-5	2.696012566602423E-4	1.4672177233210464E-6	1.731316913518835E-4	3.5946834221365636E-5
22-23	3.2645594343893284E-5	2.897755003559067E-4	1.4672177233210464E-6	1.911051084625663E-4	4.0348487391328774E-5
24-25	3.447961649804459E-5	3.2608913900810256E-4	1.4672177233210464E-6	2.083449167115886E-4	4.2182509545480086E-5
26-27	3.4846420928874857E-5	3.4039451181048277E-4	1.4672177233210464E-6	2.1898224520566618E-4	5.6121077917030026E-5
28-29	3.6680443083026156E-5	3.5139864473539067E-4	1.4672177233210464E-6	2.2521792052978065E-4	7.262727730439179E-5
30-31	3.814766080634721E-5	3.6607082196860106E-4	1.4672177233210464E-6	2.3328761800804637E-4	7.666212604352468E-5
32-33	4.071529182215904E-5	3.855114568026049E-4	1.4672177233210464E-6	2.464925775179358E-4	8.839986783009304E-5
34-35	4.144890068381956E-5	3.987164163124944E-4	1.4672177233210464E-6	2.5529588385786206E-4	9.280152100005619E-5
36-37	4.2549313976310346E-5	4.434665568737863E-4	1.4672177233210464E-6	2.6409919019778835E-4	9.500234758503776E-5
38-39	4.5850553853782705E-5	4.702432803243954E-4	1.4672177233210464E-6	2.7840456300016857E-4	9.756997860084959E-5
40-41	4.6217358284612964E-5	4.878498930042479E-4	1.4672177233210464E-6	2.952775668183606E-4	1.0197163177081272E-4
42-43	4.768457600793401E-5	5.043560923916097E-4	1.4672177233210464E-6	3.286567700239144E-4	1.0563967607911534E-4
44-45	4.768457600793401E-5	5.498398418145622E-4	1.4672177233210464E-6	3.363596630713499E-4	1.0747369823326665E-4
46-47	5.135262031623663E-5	5.942231779450238E-4	1.4672177233210464E-6	3.4699699156542745E-4	1.0930772038741796E-4
48-49	5.685468677869055E-5	6.316372298897106E-4	1.4672177233210464E-6	3.635031909527892E-4	1.137093735573811E-4
50-51	5.9789122225332645E-5	6.587807577711498E-4	1.4672177233210464E-6	3.7890897704766024E-4	1.1517659128070214E-4
52-53	6.235675324114448E-5	7.138014223956891E-4	1.4672177233210464E-6	3.990832207433246E-4	1.166438090040232E-4
54-55	6.602479754944709E-5	7.534163009253574E-4	1.4672177233210464E-6	4.155894201306864E-4	1.1994504888149555E-4
56-57	6.822562413442866E-5	7.816602420992874E-4	1.4672177233210464E-6	4.4750140561291917E-4	1.243467020514587E-4
58-59	7.26272773043918E-5	8.036685079491031E-4	1.4672177233210464E-6	4.8161421768013347E-4	1.3241639952972444E-4
60-61	7.519490832020364E-5	8.264103826605794E-4	1.4672177233210464E-6	5.395693177513148E-4	1.327832039605547E-4
62-63	7.812934376684572E-5	8.60889999158624E-4	1.4672177233210464E-6	5.703808899410567E-4	1.4562135903961387E-4
64-65	8.39982146601299E-5	8.869331137475726E-4	1.4672177233210464E-6	6.151310305023487E-4	1.5185703436372831E-4
66-67	8.619904124511149E-5	9.250807745539198E-4	1.4672177233210464E-6	6.426413628146184E-4	1.547914698103704E-4
68-69	8.729945453760226E-5	9.342508853246764E-4	1.4672177233210464E-6	6.822562413442866E-4	1.547914698103704E-4
70-71	9.353512986171671E-5	9.566259556053223E-4	1.4672177233210464E-6	7.156354445498404E-4	1.558918831028612E-4
72-73	1.0050441404749167E-4	9.874375277950642E-4	1.4672177233210464E-6	7.596519762494717E-4	1.577259052570125E-4
74-75	1.1921144001983503E-4	0.0010182490999848062	1.4672177233210464E-6	8.003672680716308E-4	1.5882631854950328E-4
76-77	1.7166447362856245E-4	0.0010318208639255259	1.4672177233210464E-6	8.399821466012991E-4	1.6029353627282432E-4
78-79	3.4809740485791825E-4	0.0010435586057120942	1.4672177233210464E-6	8.612568035894542E-4	1.6286116728863616E-4
80-81	8.638244346052661E-4	0.001050161085467039	1.4672177233210464E-6	9.038061175657647E-4	1.661624071661085E-4
82-83	0.0017610280724160861	0.0010762042000559877	1.4672177233210464E-6	9.177446859373146E-4	1.6652921159693876E-4
84-85	0.003146448407661984	0.0011334256912655083	1.4672177233210464E-6	9.386525384946395E-4	1.7056406033607164E-4
86-87	0.005153969057596006	0.0011602024147161175	1.4672177233210464E-6	0.0010255851886014115	1.73865300213544E-4
88-89	0.007545533946609312	0.001169372525486874	1.834022154151308E-6	0.0010655668715619099	1.8010097553765845E-4
>>END_MODULE
